271.03513
271.012475
270.98982
270.967165
270.9445101
270.9218551
270.8992001
270.8765451
270.8538901
270.8312351
270.8085801
270.7859251
270.7632702
270.7406152
270.7179602
270.6953052
270.6726502
270.6499952
270.6273402
270.6046853
270.5820303
270.5593753
270.5367203
270.5140653
270.4914103
270.4687553
270.4461003
270.4234454
270.4007904
270.3781354
270.3554804
270.3328254
270.3101704
270.2875154
270.2648605
270.2422055
270.2195505
270.1968955
270.17424
270.151585
270.12893
270.106275
270.0836205
270.0609655
270.03831
270.015655
269.9930005
269.9703455
269.94769
269.925035
269.9023805
269.879725
269.85707
269.8344155
269.8117605
269.7886625
269.766088
269.743831
269.7213495
269.699767
269.67842
269.6550905
269.6313165
269.608316
269.585109
269.5613115
269.537685
269.515149
269.493945
269.471878
269.4493485
269.426674
269.404173
269.38163
269.3591045
269.336526
269.314352
269.2917935
269.270078
269.248956
269.226551
269.2032675
269.180714
269.158337
269.134969
269.11093
269.088271
269.0677945
269.046776
269.0246625
269.0016875
268.978672
268.956401
268.934225
268.911829
268.889307
268.866844
268.8444235
268.822308
268.799669
268.777015
268.7550135
268.733421
268.711318
268.688525
268.665834
268.643586
268.62171
268.599611
268.577732
268.555268
268.532612
268.5100585
268.487745
268.465206
268.443218
268.4211595
268.398735
268.376359
268.354051
268.3316165
268.309389
268.287498
268.2655255
268.243304
268.220892
268.198623
268.176337
268.1545095
268.133001
268.111268
268.088974
268.066371
268.044013
268.022004
268.0000985
267.97805
267.95618
267.9342155
267.912004
267.8896305
267.867387
267.845127
267.823112
267.8013225
267.7791945
267.7571685
267.735168
267.712717
267.6903255
267.6684585
267.6469645
267.626404
267.606017
267.583346
267.5596415
267.5367295
267.514745
267.4926825
267.470032
267.44778
267.426777
267.405276
267.383043
267.361377
267.340139
267.318603
267.296078
267.2733325
267.25087
267.228783
267.206869
267.1850445
267.1631025
267.140913
267.118512
267.0959365
267.073468
267.051294
267.029528
267.007758
266.9857365
266.963776
266.941565
266.918932
266.896263
266.874054
266.85222
266.830683
266.80876
266.7864375
266.7643
266.742525
266.7206235
266.69837
266.676021
266.6536985
266.6318525
266.6099055
266.587819
266.565521
266.54315
266.5206915
266.4987603
266.476881
266.455179
266.433483
266.411655
266.389383
266.367377
266.345796
266.3244465
266.30277
266.280902
266.2589095
266.236781
266.21441
266.1921815
266.170053
266.1480175
266.12637
266.105295
266.084887
266.062924
266.039855
266.017779
265.996544
265.9745925
265.950987
265.92771
265.906907
265.886716
265.864874
265.843145
265.821542
265.7997117
265.777801
265.755679
265.733451
265.7115125
265.689795
265.667766
265.647241
265.627422
265.604914
265.580964
265.558193
265.536245
265.513925
265.4907215
265.4683305
265.4476605
265.426712
265.404972
265.382932
265.360799
265.3392275
265.317757
265.2961555
265.274148
265.251708
265.229514
265.208035
265.1864425
265.1645105
265.142138
265.119353
265.097318
265.076116
265.054527
265.0323285
265.0099065
264.987287
264.9655753
264.944546
264.922959
264.900973
264.8789615
264.8568335
264.8349105
264.8131
264.791123
264.769514
264.748022
264.7263825
264.7044645
264.6825135
264.660572
264.638771
264.616506
264.594362
264.572689
264.551229
264.529354
264.5072265
264.485019
264.462824
264.440753
264.418882
264.3971557
264.3752845
264.353412
264.331559
264.309699
264.287631
264.265643
264.243619
264.222682
264.2023715
264.1803115
264.156788
264.133956
264.111904
264.089298
264.066092
264.044108
264.023492
264.0020555
263.980035
263.95823
263.936784
263.915165
263.89252
263.869694
263.8477245
263.826461
263.805379
263.783874
263.761462
263.738984
263.7172845
263.6958205
263.673944
263.6519305
263.629907
263.607922
263.58595
263.5638555
263.541371
263.519241
263.497619
263.476218
263.454622
263.432602
263.410107
263.3879635
263.366296
263.344801
263.323269
263.301527
263.279628
263.25792
263.236318
263.214584
263.1924715
263.170555
263.14893
263.12752
263.10591
263.08428
263.06232
263.040325
263.01846
262.99695
262.975335
262.953665
262.93158
262.90958
262.88804
262.86627
262.84377
262.82128
262.798965
262.77681
262.7553
262.733845
262.711955
262.68997
262.66821
262.64631
262.62468
262.60324
262.581535
262.559665
262.53768
262.515985
262.496205
262.47536
262.45208
262.4285
262.406125
262.38418
262.361715
262.33901
262.31724
262.29609
262.275385
262.25547
262.23339
262.21005
262.18735
262.16511
262.142515
262.11976
262.098
262.077603
262.0562
262.03462
262.01312
261.99146
261.96959
261.94757
261.925475
261.90402
261.88297
261.86122
261.8388
261.81647
261.79437
261.772535
261.75111
261.72908
261.70667
261.684605
261.66251
261.64036
261.61884
261.59743
261.57557
261.553865
261.53199
261.50984
261.48802
261.466525
261.44517
261.42386
261.40232
261.38009
261.35774
261.33608
261.314975
261.29341
261.27127
261.24908
261.226995
261.20525
261.18384
261.161865
261.13963
261.11763
261.09566
261.07327
261.05147
261.03022
261.00898
260.987025
260.96476
260.94262
260.92107
260.899975
260.87874
260.85682
260.83461
260.81275
260.7911
260.769395
260.748045
260.72665
260.704545
260.68233
260.66062
260.6392
260.6178
260.59632
260.57445
260.55267
260.53086
260.50881
260.48683
260.465285
260.44377
260.42216
260.400187
260.378055
260.35619
260.33483
260.31328
260.29161
260.26976
260.24813
260.22674
260.205375
260.18346
260.16135
260.13945
260.11808
260.09665
260.07476
260.05283
260.0308
260.00847
259.98628
259.96406
259.942
259.920415
259.89918
259.87785
259.85651
259.83499
259.813535
259.79192
259.77
259.748115
259.726345
259.704715
259.6833
259.66168
259.63982
259.61812
259.596585
259.57493
259.55318
259.53165
259.51025
259.48909
259.46771
259.44572
259.423205
259.40056
259.378165
259.35626
259.33397
259.311615
259.289915
259.26868
259.24709
259.22548
259.20407
259.18254
259.16067
259.13917
259.117955
259.09665
259.075085
259.05321
259.03133
259.00965
258.98803
258.9662
258.944375
258.9225
258.900835
258.87928
258.8578
258.83611
258.8143
258.79225
258.77035
258.74886
258.72753
258.706055
258.68452
258.66271
258.64089
258.61947
258.59814
258.576805
258.55571
258.53417
258.51184
258.489815
258.46845
258.447295
258.42621
258.40463
258.38233
258.36039
258.338965
258.31743
258.296065
258.27471
258.252865
258.23103
258.209385
258.1878
258.166305
258.1447
258.12266
258.10094
258.079635
258.05839
258.0368
258.015115
257.99364
257.97249
257.9512
257.92968
257.90813
257.886595
257.86513
257.84399
257.8226
257.80051
257.77837
257.75689
257.73576
257.71489
257.6938
257.671765
257.64921
257.627465
257.60635
257.58536
257.56424
257.542675
257.52054
257.49872
257.47748
257.45646
257.435015
257.41344
257.391855
257.37028
257.349045
257.32803
257.30661
257.28502
257.263635
257.24203
257.220635
257.19918
257.177515
257.15598
257.134795
257.11359
257.092525
257.07104
257.049205
257.0276
257.006235
256.98491
256.963685
256.94231
256.92079
256.89925
256.8778
256.856565
256.83546
256.814185
256.79283
256.77153
256.75036
256.728935
256.70723
256.685645
256.66464
256.643905
256.623
256.601255
256.57896
256.557445
256.53692
256.51625
256.495
256.47334
256.45142
256.4301
256.40943
256.38835
256.366545
256.34458
256.323025
256.30198
256.28097
256.25953
256.237855
256.21622
256.194715
256.17363
256.15285
256.13174
256.11019
256.08855
256.06726
256.046247
256.02546
256.004335
255.98302
255.961925
255.94113
255.91979
255.89811
255.8766
255.85562
255.834755
255.81382
255.792415
255.77117
255.75014
255.729
255.707605
255.68637
255.665103
255.643805
255.62265
255.60126
255.5796
255.558415
255.53768
255.51641
255.49516
255.473875
255.45232
255.43055
255.409315
255.38829
255.36757
255.34656
255.32514
255.30358
255.282375
255.261765
255.24109
255.2201
255.19907
255.178195
255.156825
255.13532
255.11362
255.09227
255.071395
255.05049
255.02907
255.00763
254.98642
254.96557
254.94477
254.92354
254.90222
254.88088
254.85959
254.838795
254.817865
254.79664
254.77548
254.75421
254.73258
254.71124
254.689715
254.66836
254.64772
254.62758
254.60649
254.584415
254.56254
254.54161
254.52124
254.500795
254.47991
254.45847
254.437335
254.41624
254.39499
254.373715
254.353015
254.33253
254.31188
254.29033
254.268885
254.24768
254.22677
254.205915
254.18517
254.16385
254.14246
254.12155
254.1009
254.07995
254.058405
254.03655
254.01524
253.99521
253.975165
253.954185
253.93229
253.91068
253.889635
253.8696
253.84944
253.83016
253.809435
253.78707
253.76453
253.744805
253.72531
253.70286
253.679145
253.65788
253.63797
253.61648
253.59517
253.574845
253.55491
253.53379
253.512835
253.492725
253.47235
253.45117
253.42967
253.40864
253.38815
253.36767
253.347005
253.32584
253.30464
253.28382
253.263765
253.24338
253.22266
253.201655
253.18057
253.15959
253.13883
253.11821
253.09726
253.07638
253.055565
253.03473
253.01349
252.9928
252.972195
252.95164
252.93116
252.91039
252.889055
252.86781
252.84733
252.82706
252.806715
252.78601
252.76492
252.74372
252.7232
252.70305
252.68231
252.66185
252.64138
252.6206
252.59985
252.57958
252.55878
252.53805
252.51891
252.49933
252.47748
252.455475
252.434615
252.41401
252.392725
252.37068
252.34973
252.33064
252.310485
252.289185
252.26802
252.24755
252.227305
252.20654
252.1852
252.163825
252.143305
252.12337
252.10307
252.08173
252.0603
252.03987
252.02022
252.000795
251.980465
251.95884
251.93744
251.917245
251.897595
251.87749
251.85661
251.83515
251.81463
251.79449
251.77417
251.753315
251.73217
251.71129
251.69124
251.671015
251.650075
251.628675
251.60723
251.586695
251.56712
251.547335
251.52658
251.50545
251.4845
251.464295
251.44457
251.424955
251.40485
251.3842
251.36352
251.34345
251.32348
251.30331
251.28248
251.2609
251.23975
251.219655
251.19977
251.179535
251.15911
251.138145
251.1172
251.096967
251.07701
251.05676
251.03634
251.01552
250.994615
250.97425
250.954145
250.93394
250.91353
250.89287
250.87219
250.85212
250.8324
250.81216
250.79115
250.77032
250.750125
250.73063
250.710995
250.69041
250.66924
250.64844
250.628035
250.60816
250.588025
250.56743
250.547115
250.52714
250.50695
250.48681
250.46632
250.44574
250.42538
250.40508
250.38451
250.36428
250.34455
250.32486
250.304335
250.28328
250.262265
250.24211
250.22262
250.20276
250.18209
250.16145
250.14117
250.12098
250.100755
250.08038
250.0601
250.04018
250.01999
249.99968
249.97934
249.95855
249.93797
249.91818
249.89867
249.87901
249.85851
249.837325
249.81663
249.79674
249.77719
249.75734
249.73694
249.716765
249.69726
249.67753
249.65675
249.63535
249.614355
249.59439
249.57487
249.55512
249.53492
249.51438
249.49391
249.47384
249.45347
249.433
249.412945
249.39346
249.374155
249.35476
249.334495
249.31362
249.29298
249.2728
249.25304
249.2335
249.213675
249.19346
249.173365
249.15297
249.132235
249.11327
249.09432
249.073645
249.052975
249.032805
249.012225
248.99113
248.970065
248.95069
248.93297
248.913625
248.892995
248.87254
248.852405
248.832395
248.8129
248.793385
248.77323
248.753075
248.73313
248.713085
248.693285
248.67355
248.653105
248.63281
248.61376
248.59481
248.57454
248.553705
248.533425
248.51385
248.49607
248.47853
248.45701
248.433655
248.41285
248.39396
248.37485
248.35406
248.33237
248.31242
248.29394
248.27514
248.25598
248.23613
248.21588
248.19575
248.17632
248.15697
248.1374
248.1175
248.09745
248.07791
248.05853
248.03859
248.01824
247.99797
247.97777
247.95851
247.93935
247.91947
247.89925
247.87949
247.8597
247.840005
247.8203
247.80045
247.780535
247.761165
247.74157
247.72134
247.70117
247.681625
247.66252
247.64373
247.62458
247.60457
247.58413
247.56418
247.54512
247.52592
247.50593
247.48554
247.46516
247.44522
247.425795
247.40613
247.38596
247.36607
247.34652
247.326995
247.30734
247.28806
247.26882
247.24941
247.229895
247.21028
247.19023
247.17059
247.15149
247.132005
247.112105
247.092095
247.07204
247.05231
247.033265
247.013855
246.993345
246.97274
246.95327
246.93423
246.915205
246.89595
246.87609
246.85643
246.83745
246.818145
246.79854
246.778865
246.75917
246.74018
246.72153
246.70214
246.68227
246.661865
246.6416
246.62264
246.60502
246.58735
246.567465
246.54604
246.52559
246.50637
246.486805
246.466325
246.44622
246.42779
246.40953
246.390345
246.370735
246.351175
246.33126
246.31139
246.29205
246.273385
246.25425
246.23485
246.2152
246.19515
246.175075
246.156165
246.137425
246.11822
246.09877
246.07877
246.05898
246.04019
246.02159
246.00248
245.98288
245.962625
245.943095
245.92457
245.90604
245.88684
245.86735
245.847695
245.828585
245.80966
245.79031
245.770735
245.751965
245.73325
245.71399
245.69397
245.67431
245.65554
245.63714
245.61791
245.59804
245.57785
245.55839
245.539825
245.52119
245.50207
245.48287
245.46323
245.443405
245.42403
245.40552
245.38739
245.36874
245.348965
245.328505
245.30871
245.29053
245.2726
245.253665
245.233915
245.214015
245.19495
245.17648
245.15779
245.13858
245.119105
245.10008
245.08156
245.062805
245.045115
245.026385
245.00595
244.98606
244.9669
244.94688
244.92605
244.90615
244.888315
244.870855
244.85145
244.83213
244.81297
244.793975
244.77529
244.75662
244.73764
244.7185
244.69965
244.68074
244.66214
244.64356
244.62471
244.605135
244.58557
244.566615
244.54826
244.52976
244.51114
244.49218
244.47292
244.45386
244.434975
244.41606
244.3971
244.378
244.359225
244.340445
244.32114
244.3018
244.28288
244.2649
244.24747
244.228495
244.208165
244.18919
244.17194
244.15298
244.13218
244.11258
244.09439
244.07557
244.0564
244.03772
244.019765
244.0012
243.9817
243.96311
243.94575
243.92794
243.908685
243.88859
243.86911
243.85054
243.83288
243.81484
243.79583
243.77621
243.75708
243.73827
243.71991
243.70199
243.68379
243.66474
243.645235
243.6261
243.607305
243.58914
243.57116
243.55298
243.53405
243.51494
243.4958
243.47817
243.4614
243.442985
243.42317
243.403825
243.38508
243.365845
243.34618
243.327265
243.30973
243.29183
243.27339
243.254815
243.236245
243.2175
243.198665
243.18024
243.16173
243.14275
243.12347
243.10469
243.08677
243.0692
243.05086
243.031765
243.01254
242.99394
242.976055
242.95831
242.939975
242.92127
242.90257
242.884355
242.86616
242.84769
242.828915
242.81055
242.7927
242.775
242.756555
242.737505
242.71889
242.701385
242.68405
242.66612
242.647645
242.62893
242.610715
242.5928
242.57453
242.556045
242.53805
242.520055
242.501945
242.48359
242.465235
242.44716
242.42905
242.410425
242.39175
242.373595
242.35569
242.3378
242.31928
242.30022
242.281745
242.26406
242.24609
242.2277
242.20918
242.190585
242.17272
242.15544
242.13794
242.12011
242.101885
242.08349
242.06563
242.048055
242.03023
242.01252
241.994675
241.97675
241.95879
241.94056
241.92189
241.90365
241.88595
241.8683
241.850195
241.83174
241.813575
241.79571
241.77756
241.759195
241.74069
241.72251
241.70529
241.68798
241.66921
241.65033
241.63218
241.61468
241.59724
241.57945
241.56122
241.54348
241.5261
241.50837
241.48995
241.4716
241.453865
241.43652
241.41935
241.401625
241.38303
241.3642
241.346345
241.32904
241.312075
241.29398
241.27494
241.25621
241.23896
241.221835
241.204255
241.1859
241.16791
241.15049
241.13314
241.115075
241.09728
241.079685
241.06221
241.04455
241.026595
241.00856
240.991325
240.973625
240.95514
240.937
240.91926
240.90174
240.88477
240.86713
240.848745
240.830405
240.81216
240.79424
240.777
240.75949
240.74145
240.72331
240.70551
240.68829
240.67151
240.65385
240.636195
240.61995
240.60286
240.58468
240.566855
240.549215
240.531175
240.51291
240.494815
240.477715
240.46118
240.44376
240.42598
240.408645
240.39146
240.37381
240.35647
240.339175
240.32137
240.304325
240.28757
240.26987
240.25149
240.23358
240.216435
240.19973
240.1828
240.1654
240.14768
240.131155
240.114105
240.095797
240.07791
240.06045
240.0427
240.02428
240.00602
239.988915
239.972695
239.954775
239.93701
239.9198
239.902985
239.88581
239.868165
239.85062
239.83324
239.81584
239.798775
239.782065
239.76505
239.74815
239.73083
239.713495
239.69675
239.67989
239.66215
239.64447
239.62697
239.610065
239.59351
239.575835
239.55744
239.53958
239.52238
239.505755
239.48937
239.4719
239.45365
239.43564
239.418445
239.401845
239.385305
239.36795
239.35005
239.332165
239.31496
239.29816
239.28124
239.26485
239.249
239.231955
239.21393
239.19612
239.17853
239.16128
239.143705
239.12692
239.110485
239.09327
239.07584
239.059325
239.04255
239.02533
239.00814
238.99122
238.97431
238.95747
238.9404
238.92345
238.90645
238.8893
238.872385
238.85572
238.83989
238.82318
238.804965
238.78668
238.769678
238.75299
238.73545
238.71738
238.70066
238.68468
238.667705
238.650965
238.63407
238.61731
238.6006
238.58346
238.56619
238.5491
238.533625
238.51823
238.500735
238.48216
238.464825
238.44846
238.431165
238.412835
238.395435
238.379665
238.363715
238.3473
238.32981
238.31214
238.29555
238.27952
238.26297
238.246145
238.229375
238.212495
238.19552
238.179015
238.16262
238.14643
238.13012
238.11318
238.09555
238.078295
238.06186
238.045765
238.029165
238.012195
237.995095
237.97792
237.96103
237.94449
237.92797
237.91143
237.89499
237.878225
237.86128
237.844715
237.82834
237.81175
237.7953
237.77849
237.76149
237.74512
237.72903
237.71245
237.69571
237.67897
237.66189
237.6454
237.62957
237.61361
237.59683
237.579775
237.562765
237.546415
237.530265
237.51416
237.49752
237.48029
237.46299
237.446465
237.430755
237.414955
237.398025
237.38089
237.36449
237.3484
237.33225
237.316025
237.29931
237.28292
237.26711
237.25044
237.23335
237.21689
237.20076
237.185275
237.16909
237.151655
237.13405
237.117697
237.102035
237.085275
237.067607
237.05139
237.03615
237.02029
237.0049
236.989255
236.97285
236.95616
236.939605
236.92301
236.90662
236.890415
236.87448
236.85895
236.843185
236.82635
236.80903
236.79244
236.77648
236.76092
236.74505
236.72832
236.71134
236.6951
236.67904
236.66282
236.6466
236.63038
236.614345
236.598405
236.58221
236.56577
236.549475
236.533625
236.5181
236.50198
236.48556
236.469025
236.45309
236.43738
236.42155
236.40509
236.389025
236.37271
236.3564
236.34028
236.32431
236.30815
236.29221
236.276
236.259615
236.24388
236.2283
236.21211
236.195815
236.17984
236.16421
236.1487
236.13275
236.116055
236.099815
236.08428
236.06899
236.05319
236.037125
236.020205
236.00337
235.9876
235.9727
235.957225
235.941375
235.924785
235.90819
235.89228
235.876953
235.86153
235.846
235.83037
235.8145
235.797685
235.781075
235.7655
235.75039
235.73489
235.71845
235.70214
235.68674
235.67129
235.65516
235.63879
235.6228
235.607615
235.59274
235.57661
235.559495
235.54304
235.52804
235.51329
235.497715
235.48161
235.46565
235.44987
235.43455
235.41919
235.40372
235.388
235.37231
235.35692
235.341345
235.32556
235.31002
235.29417
235.278245
235.262975
235.24777
235.23151
235.215275
235.1993
235.18373
235.168795
235.153715
235.13821
235.12275
235.10671
235.090245
235.07466
235.05986
235.044945
235.03003
235.01451
234.99848
234.982625
234.96732
234.95181
234.936085
234.92096
234.90616
234.89013
234.873405
234.8577
234.84258
234.827395
234.81215
234.79608
234.779505
234.76362
234.74862
234.73433
234.72012
234.70481
234.68853
234.67229
234.657015
234.6427
234.62796
234.612055
234.59586
234.58059
234.56557
234.55041
234.53492
234.51951
234.50389
234.48833
234.47292
234.45811
234.44341
234.428475
234.41271
234.3964
234.380655
234.365605
234.35051
234.335285
234.32008
234.30464
234.2891
234.273465
234.25798
234.2425
234.22736
234.212595
234.19775
234.18253
234.16685
234.1513
234.136385
234.12217
234.1075
234.092455
234.07709
234.06221
234.04739
234.032105
234.01658
234.00172
233.98715
233.971995
233.95643
233.94098
233.925965
233.91096
233.89536
233.87975
233.865245
233.85119
233.83646
233.82111
233.805575
233.79023
233.77515
233.76025
233.74554
233.731055
233.71646
233.70127
233.68571
233.67057
233.655775
233.64091
233.62626
233.61163
233.59632
233.581945
233.56776
233.5522
233.53668
233.52179
233.50655
233.49138
233.47614
233.460985
233.44683
233.43244
233.417515
233.40283
233.388535
233.3735
233.358265
233.343505
233.32885
233.31419
233.29957
233.28468
233.26965
233.25502
233.240145
233.22478
233.20947
233.19491
233.18077
233.166525
233.15165
233.13621
233.121035
233.10617
233.091605
233.077535
233.06396
233.05016
233.03519
233.019127
233.00365
232.98963
232.976165
232.96228
232.94726
232.93182
232.91693
232.90262
232.88806
232.87332
232.85826
232.84316
232.82863
232.81465
232.80061
232.785845
232.77027
232.75472
232.740095
232.72647
232.71256
232.69776
232.68241
232.667635
232.65349
232.639085
232.62427
232.60953
232.595125
232.58117
232.56726
232.55246
232.53778
232.524195
232.51053
232.49517
232.47929
232.46414
232.44918
232.434025
232.418715
232.4047
232.39069
232.37663
232.36332
232.350205
232.3356
232.32033
232.30513
232.29039
232.27624
232.26222
232.24791
232.233715
232.2194
232.20444
232.18933
232.17506
232.16177
232.14875
232.13502
232.12047
232.10576
232.091885
232.07929
232.06725
232.0544
232.03869
232.0221
232.00651
231.991415
231.97794
231.96656
231.95293
231.93808
231.9227
231.9042
231.885935
231.8733
231.86239
231.84916
231.83427
231.81872
231.80411
231.79187
231.77846
231.76259
231.74876
231.73759
231.7228
231.7043
231.68778
231.67557
231.66471
231.6526
231.63584
231.61721
231.60143
231.588737
231.57599
231.56317
231.54982
231.53653
231.52268
231.50778
231.49313
231.48009
231.46708
231.452967
231.43833
231.42401
231.410495
231.39892
231.38596
231.370073
231.35446
231.34064
231.32705
231.31245
231.297665
231.28384
231.2706
231.25672
231.24297
231.228705
231.21529
231.20263
231.188755
231.17393
231.159575
231.14543
231.13071
231.11587
231.10221
231.08949
231.076025
231.06237
231.048605
231.034435
231.0207
231.007315
230.99333
230.97928
230.96578
230.95206
230.938235
230.924425
230.91044
230.89728
230.88477
230.87175
230.85842
230.84595
230.832995
230.81639
230.798105
230.782575
230.7707
230.759925
230.747715
230.73077
230.712615
230.697575
230.685145
230.672845
230.660615
230.647735
230.634705
230.621525
230.607835
230.59399
230.580395
230.56669
230.55298
230.53947
230.5262
230.51285
230.49906
230.48488
230.4709
230.4573
230.44395
230.43067
230.41758
230.40412
230.39061
230.37713
230.36377
230.350485
230.337545
230.324005
230.310555
230.29775
230.285485
230.27298
230.261025
230.247195
230.229425
230.21154
230.19822
230.187835
230.177555
230.16406
230.14628
230.12856
230.11482
230.10305
230.09079
230.07827
230.06589
230.05336
230.04013
230.026445
230.01227
229.998255
229.985385
229.973055
229.960005
229.946265
229.93268
229.91968
229.9067
229.89323
229.87933
229.86532
229.85186
229.83916
229.82633
229.81287
229.799375
229.78606
229.77257
229.759535
229.746805
229.733665
229.72019
229.70639
229.69269
229.68031
229.66834
229.65509
229.64099
229.62713
229.614815
229.602695
229.589335
229.575365
229.56189
229.548845
229.53497
229.52076
229.50778
229.49569
229.48284
229.46994
229.4566
229.44297
229.42946
229.41636
229.403225
229.390145
229.377365
229.36455
229.3512
229.33758
229.32466
229.31222
229.29962
229.28647
229.273125
229.25976
229.24691
229.234485
229.22159
229.20799
229.194425
229.18131
229.1695
229.15791
229.1444
229.12999
229.11658
229.1039
229.09112
229.07744
229.06362
229.0514
229.03978
229.02785
229.015105
229.00157
228.98734
228.973985
228.96167
228.94989
228.93756
228.92431
228.91022
228.89644
228.88338
228.87119
228.85906
228.846455
228.832875
228.819235
228.80634
228.7938
228.78102
228.76847
228.75596
228.74293
228.72985
228.71685
228.70407
228.691885
228.67956
228.666405
228.65337
228.64082
228.62847
228.61592
228.60334
228.59069
228.5777
228.564085
228.550875
228.53879
228.527915
228.515805
228.5015
228.48677
228.47383
228.4624
228.4503
228.43664
228.42362
228.4122
228.40007
228.387065
228.374175
228.361615
228.34906
228.3368
228.32443
228.31139
228.29813
228.28539
228.272935
228.26061
228.24841
228.235685
228.222505
228.20983
228.197575
228.18508
228.17246
228.15986
228.14747
228.13544
228.12335
228.11069
228.09787
228.08531
228.072765
228.060165
228.04803
228.035865
228.02335
228.01063
227.99805
227.98554
227.97272
227.959905
227.947805
227.936245
227.924405
227.911685
227.89781
227.88434
227.87235
227.86114
227.84945
227.83708
227.824
227.81127
227.799145
227.786985
227.77489
227.76264
227.75009
227.737657
227.72577
227.71363
227.70101
227.68827
227.676
227.66403
227.652195
227.63977
227.62678
227.614095
227.602535
227.59102
227.57885
227.56603
227.55311
227.54055
227.5283
227.51593
227.50378
227.492197
227.480475
227.468095
227.455365
227.442735
227.43065
227.419125
227.40748
227.39561
227.38347
227.37093
227.35838
227.34598
227.33358
227.321485
227.30953
227.297335
227.28525
227.27335
227.26118
227.24872
227.23622
227.22417
227.21246
227.20078
227.18864
227.17597
227.16321
227.151045
227.139225
227.12752
227.11551
227.103535
227.091295
227.079075
227.06704
227.05543
227.04382
227.03211
227.02002
227.00772
226.99568
226.98394
226.972105
226.96023
226.94825
226.93614
226.92392
226.91186
226.900135
226.88851
226.87657
226.86427
226.85194
226.83994
226.82831
226.81653
226.80415
226.791713
226.78004
226.76867
226.75682
226.744615
226.73241
226.720535
226.709083
226.69732
226.68514
226.67346
226.66231
226.65061
226.63843
226.62642
226.61478
226.603485
226.592205
226.58016
226.567725
226.55566
226.54383
226.53235
226.52087
226.50885
226.49652
226.48445
226.47268
226.46128
226.44945
226.43724
226.425595
226.4148
226.403915
226.392205
226.37971
226.367495
226.35613
226.345015
226.3334
226.321025
226.30852
226.296775
226.28585
226.274625
226.26252
226.250175
226.23819
226.22705
226.21604
226.20472
226.19265
226.18042
226.16892
226.158005
226.14669
226.134785
226.12277
226.11103
226.09987
226.08892
226.07741
226.065405
226.05377
226.04253
226.03133
226.01967
226.00785
225.996155
225.9845
225.97306
225.96189
225.9502
225.93805
225.92618
225.91448
225.902895
225.8917
225.880665
225.869
225.85705
225.84536
225.83401
225.82289
225.81167
225.80025
225.78865
225.77713
225.76608
225.75497
225.74335
225.73152
225.72022
225.70901
225.69791
225.68652
225.674765
225.66283
225.65146
225.64068
225.629965
225.61862
225.60676
225.59493
225.5832
225.57172
225.56088
225.55015
225.53875
225.527
225.514995
225.503485
225.49277
225.48239
225.47151
225.46009
225.44833
225.43693
225.42604
225.415395
225.4043
225.39272
225.38087
225.36901
225.3576
225.346375
225.33555
225.324535
225.31302
225.3014
225.290175
225.27948
225.26892
225.25762
225.24547
225.233925
225.22342
225.21315
225.201985
225.190145
225.17838
225.16747
225.156775
225.14555
225.13394
225.12284
225.112245
225.101555
225.09016
225.07839
225.06683
225.055755
225.04512
225.03478
225.024005
225.012705
225.00086
224.98902
224.977675
224.96743
224.95697
224.94578
224.93413
224.92272
224.911445
224.90042
224.88951
224.87846
224.867395
224.85668
224.84602
224.83521
224.82418
224.813065
224.80177
224.790575
224.779655
224.76899
224.75848
224.74758
224.736065
224.72449
224.713255
224.70255
224.69196
224.68119
224.67025
224.659335
224.648095
224.63701
224.62624
224.61556
224.60463
224.5936
224.582455
224.571655
224.560935
224.54985
224.53876
224.52799
224.51727
224.50621
224.49514
224.48413
224.47353
224.46323
224.45267
224.44156
224.430495
224.419485
224.4084
224.39777
224.38739
224.37669
224.36578
224.35471
224.343525
224.33273
224.322235
224.311445
224.30041
224.28963
224.27893
224.26869
224.25849
224.24779
224.23662
224.22539
224.21442
224.203975
224.19368
224.182905
224.17183
224.16098
224.150455
224.13972
224.12882
224.117895
224.10733
224.096825
224.08615
224.07525
224.064425
224.05371
224.04318
224.03268
224.02205
224.01131
224.00035
223.98944
223.9791
223.96898
223.958375
223.947405
223.93663
223.92592
223.91555
223.90512
223.89403
223.88291
223.87256
223.862395
223.85184
223.84142
223.83081
223.81991
223.80937
223.79908
223.78883
223.77823
223.76716
223.75626
223.746005
223.73576
223.72531
223.714325
223.70328
223.692675
223.682435
223.67193
223.661235
223.65071
223.64037
223.62985
223.61898
223.60842
223.59817
223.5878
223.57754
223.56734
223.5567
223.546335
223.53584
223.524945
223.51436
223.50434
223.49383
223.48307
223.472095
223.461145
223.45084
223.440945
223.43045
223.4197
223.40942
223.39958
223.389475
223.37908
223.36867
223.35804
223.34771
223.33768
223.32731
223.31662
223.3065
223.29634
223.28588
223.275515
223.26565
223.25558
223.24542
223.23521
223.22503
223.21504
223.20547
223.19554
223.184865
223.17388
223.163265
223.15314
223.14328
223.13306
223.122615
223.11222
223.10185
223.09143
223.0813
223.071
223.06037
223.050335
223.040695
223.03068
223.02034
223.009623
222.998795
222.988765
222.97917
222.96909
222.958667
222.948295
222.93793
222.92759
222.91715
222.90676
222.89697
222.887465
222.87726
222.86633
222.85564
222.84558
222.83591
222.826365
222.816375
222.80595
222.79576
222.78581
222.77559
222.76526
222.755015
222.74474
222.73465
222.724665
222.71426
222.7035
222.69308
222.683245
222.67357
222.66378
222.65331
222.64236
222.63185
222.622225
222.612805
222.60305
222.592765
222.582155
222.57172
222.56185
222.551865
222.5418
222.53183
222.521755
222.511785
222.50186
222.491625
222.48151
222.47139
222.461095
222.451215
222.44172
222.43187
222.42178
222.41144
222.40096
222.39057
222.380715
222.37108
222.36168
222.35189
222.34165
222.33096
222.320645
222.31083
222.30133
222.29184
222.28215
222.27186
222.26156
222.25122
222.241215
222.23162
222.22166
222.21136
222.2014
222.19158
222.18148
222.17167
222.16173
222.15169
222.1419
222.1319
222.12154
222.111745
222.10226
222.09259
222.082595
222.07266
222.06284
222.052775
222.04249
222.03241
222.022525
222.012905
222.00313
221.99296
221.9827
221.97254
221.96279
221.95313
221.94322
221.93326
221.923625
221.914025
221.90439
221.89482
221.884965
221.87487
221.86507
221.85552
221.84576
221.83561
221.82562
221.815625
221.80575
221.79592
221.785915
221.77589
221.76634
221.75671
221.7467
221.73669
221.726985
221.71765
221.70849
221.69885
221.68844
221.67813
221.66846
221.65918
221.64994
221.64006
221.629705
221.619545
221.60992
221.60062
221.59126
221.58148
221.57151
221.56143
221.551795
221.54244
221.53296
221.523175
221.51323
221.502975
221.492945
221.48328
221.473545
221.463735
221.45443
221.44486
221.43467
221.42452
221.41502
221.405585
221.39626
221.38661
221.376545
221.36672
221.35748
221.34804
221.33826
221.32836
221.318825
221.30959
221.30006
221.28993
221.2799
221.27017
221.26094
221.25184
221.24207
221.231745
221.221655
221.21192
221.20253
221.19328
221.18337
221.17364
221.16425
221.15459
221.1449
221.135305
221.12561
221.11623
221.10718
221.09736
221.087335
221.077745
221.06854
221.059375
221.04973
221.03974
221.030095
221.02086
221.01156
221.00194
220.99206
220.982125
220.972555
220.9633
220.95369
220.94386
220.934215
220.9246
220.91516
220.905845
220.89626
220.886595
220.87702
220.86757
220.85811
220.848645
220.83906
220.82939
220.81984
220.81038
220.80094
220.791565
220.78235
220.773085
220.76374
220.753875
220.74365
220.733755
220.72492
220.71643
220.70745
220.697565
220.68714
220.67697
220.66786
220.65908
220.65005
220.64066
220.63119
220.62164
220.6123
220.603005
220.59343
220.58365
220.57424
220.56506
220.55585
220.546655
220.53684
220.52694
220.51773
220.5089
220.49994
220.49075
220.48107
220.47131
220.46207
220.45279
220.44344
220.434325
220.42553
220.41629
220.40636
220.39625
220.38667
220.37768
220.368935
220.36025
220.35099
220.34121
220.331353
220.32154
220.312165
220.30356
220.29505
220.28591
220.27628
220.26744
220.25877
220.24898
220.238905
220.22974
220.22087
220.211465
220.20156
220.191995
220.18336
220.17488
220.166065
220.15687
220.147665
220.13872
220.13012
220.12144
220.112255
220.10276
220.093385
220.08406
220.07491
220.06579
220.05664
220.04756
220.03858
220.02937
220.0199
220.01069
220.00204
219.993785
219.98506
219.975765
219.96627
219.957225
219.94845
219.94001
219.93112
219.921773
219.91254
219.90359
219.895115
219.88709
219.878445
219.8691
219.859435
219.84981
219.840365
219.83157
219.82345
219.815455
219.806675
219.797585
219.788745
219.779975
219.77117
219.76242
219.75419
219.74582
219.73665
219.72727
219.71859
219.71051
219.70231
219.69356
219.6845
219.67553
219.66679
219.65835
219.65016
219.64217
219.63413
219.62549
219.61641
219.60776
219.5998
219.59197
219.58365
219.57482
219.56598
219.55766
219.54967
219.5415
219.533
219.5245
219.51614
219.508135
219.50007
219.491925
219.48388
219.47577
219.46748
219.459325
219.45135
219.4437
219.435985
219.427575
219.419135
219.411605
219.404615
219.39725
219.38896
219.38009
219.371735
219.3642
219.35683
219.34914
219.340805
219.33204
219.323215
219.314735
219.306525
219.29852
219.291155
219.28411
219.27661
219.268735
219.26092
219.25339
219.24609
219.23854
219.23068
219.222495
219.21461
219.20722
219.19974
219.19176
219.18381
219.17619
219.168803
219.16157
219.15454
219.14742
219.14048
219.13417
219.12798
219.12146
219.114595
219.10775
219.10139
219.09562
219.09017
219.08481
219.07937
219.074275
219.06824
219.0595
219.04979
219.041855
219.035915
219.03052
219.0235
219.01348
219.00292
218.99426
218.98701
218.97995
218.972995
218.96631
218.95968
218.95287
218.945955
218.939045
218.93236
218.92581
218.9193
218.91269
218.90561
218.8985
218.89242
218.8868
218.87888
218.86902
218.86022
218.8541
218.84967
218.84541
218.83876
218.83119
218.82598
218.82219
218.81669
218.81064
218.806465
218.8041
218.80208
218.79873
218.793025
218.78723
218.78371
218.78173
218.78004
218.778525
218.777275
218.77633
218.77568
218.77532
218.77529
218.77548
218.775935
218.777405
218.78256
218.79038
218.79703
218.80147
218.806675
218.81352
218.82378
218.83699
218.85012
218.86215
218.87441
218.88679
218.900795
218.91606
218.931715
218.9485
218.966795
218.98612
219.006405
219.02769
219.04933
219.0706
219.09369
219.11878
219.144395
219.16986
219.19486
219.21986
219.24486
219.26986
219.29486
219.31986
219.34486
219.36986
219.39486
219.41986
219.44486
219.46986
219.49486
219.51986
219.54486
219.56986
219.59486
219.61986
