931751.036702967
921967.63459206
912184.232481154
902400.830370247
892617.428259341
882834.026148434
873050.624037528
863267.221926621
853483.819815715
843700.417704809
833917.015593902
824133.613482996
814350.211372089
804592.471963335
795562.099685423
789491.218036041
784408.958376169
778873.61290871
772754.528082653
766096.817285626
759532.60357867
753404.992069943
747205.244311597
741079.301071127
735549.120290955
730788.89815993
725456.325958805
719719.040387104
714616.984319817
710226.291115613
706460.9561978
703063.665906228
699852.332636713
696717.574225575
693453.231925784
689857.504698594
685782.27903286
681008.825042604
676055.379225839
669778.507506612
662340.132548795
654584.831609743
645933.826409443
634268.973263358
625059
618984.933987105
613518.821135428
608190.96974222
602032.354516893
595664.484890148
590524.365484574
585696.391654833
581729.756476052
579294.469574323
577137.174011732
575247.442178152
573549.555750704
571964.429018029
570449.811241558
568943.308090269
567370.547917486
565725.405347658
563875.724355937
561711.478869355
559165.650632534
556732.378166737
553582.395042855
549828.905092825
544966.758089821
539805.103424068
534555.053871789
530669.277550432
526928.303491475
523393.625863962
520126.600369726
516759.84063804
513113.062853006
509220
505552.780382557
502063.159492026
498605.342629617
495185.881749019
491880.653538192
488848.873718052
485417.252733878
481433.221809651
477227.719495922
472869.144320305
467469.424019952
462424.575099748
457579.021482176
452770.453743975
447640.612807288
440744.9124499
433833.860464536
428566.984515584
425489.45568619
422704.583075195
420052.485693472
417685.995855832
415471.04430375
413308.535918328
411276.293188104
409454.452727294
407770.254511017
406156.974242061
404549.431042867
402963.301447484
401342.659636756
399600.203138811
397734
395756.449747465
393568.010079
390954.895559539
388076.024712507
385672.899431623
383079.042775589
380667.319911755
378084.03955264
375285.727872976
372773.381444673
370195.806578773
367463.48669272
364741.259896609
362089.175983055
359257.096819749
356380.863723151
353758.410697669
351186.237639229
348606.367786442
345859.77450927
342925.545299737
340565.470367221
338806.411413323
337398.305811212
336304.366539732
335339.865144114
334355.999157457
333165.662445261
331863.900556447
330565.914140069
329311.116035431
327996.173492143
326640
325164.507990921
323532.65536639
321712.189376273
319629.20860912
317646.768185339
315915.749258436
313973.106315527
311821.496844144
309571.514089285
307459.777044884
305459.319464776
303783.105904854
302055.897362639
300196.471834265
298477.175170288
296650.011849025
294964.367539752
293181.718308601
291582.294569954
290219.857941296
288816.683655792
287378.145153972
285877.227336368
284326.218050934
282717.813815654
281063.943822228
279267.141919461
277477.765876614
275683.188662018
273821.171849772
272001.784932417
270237.660860736
268497
266916.729338497
265401.510598474
263708.147367493
261838.999659773
259986.985014641
258050.83515095
256102.401295639
254202.363895287
252321.585692958
250567.265231018
249068.770537955
247518.748573589
246277.474449211
245259.452540281
244467.834811534
243761.106450322
243109.253380768
242401.25353729
241566.264483747
240656.49905528
239675.661346157
238662.098574312
237623.273814333
236539.89775786
235358.434011195
234082.688858722
232735.226387352
231276.817719327
229864.944219216
228456.53634876
227240.513652744
225821.003180874
224351
222974.894879894
221762.160957809
220676.336056366
219622.375312703
218675.246734804
217833.056928518
217073.688144514
216289.46592576
215477.994562062
214680.986838832
213872.422999044
213089.680398248
212318.29811739
211534.631876194
210722.458369851
209880.037347321
208997.938734506
208103.298108328
207189.636805433
206203.742754527
205168.133354761
204196.695324345
203346.399094573
202539.406584328
201740.322147551
200935.808729953
200133.126506759
199285.576435993
198356.656282631
197393.427750866
196350.007811332
195235.720083662
194236
193241.216081415
192159.625606487
191170.179069593
190246.737673943
189375.469378785
188354.01879433
187250.928872797
186111.955078372
185014.649596225
183920.629706216
182852.497892892
181798.156362045
180885.738886062
179946.794526078
178812.120249948
177682.720601913
176506.497421822
175325.137748843
174282.243426165
173063.830066124
171882.124399421
170791.181917792
169723.819247596
168568.093913149
167351.54839398
166139.534870385
164967.219996938
163975.596481806
163002.598333072
161913.646351849
160900.136696514
159972.911929174
158938
157794.457941202
156628.172096029
155496.614478593
154434.746582085
153444.676038265
152461.487577509
151497.581439721
150571.864119072
149576.075303954
148594.059195994
147564.416465289
146578.409061007
145528.725438045
144476.46360625
143378.518710574
142265.107236578
141157.563508217
140049.543292588
138971.237505893
137945.341599579
137023.405954985
136136.715548818
135335.064636382
134602.521351741
133965.098027316
133383.103916734
132816.394214261
132286.702016219
131790.120414196
131328.50998552
130909.377214319
130503.895475259
130129
129772.551377676
129423.193613147
129079.902409172
128747.304134076
128411.460099147
128090.878214777
127754.474838454
127420.458625401
127059.32551859
126691.151770683
126335.889454429
125932.080258275
125538.50423248
125133.907885579
124745.166464946
124357.041434162
123967.470483468
123614.732284268
123241.946832321
122858.688938914
122471.926448109
122093.216895098
121707.354416241
121303.995970039
120916.361433006
120522.163687593
120130.995979414
119724.681530945
119324.714988973
118923.27120324
118506.306644983
118099.20644205
117678
117261.826675758
116834.301756398
116401.570537264
115946.174330248
115470.1070998
114969.952657236
114463.221166099
113947.646641313
113388.408297379
112818.573189603
112199.503790954
111569.727852598
110921.12112945
110289.297521963
109682.005143771
109089.818098957
108498.738825209
107890.682033199
107281.608870251
106724.441033322
106217.982262685
105754.17264287
105301.587614361
104827.794584271
104355.058463817
103889.936923569
103405.98440882
102902.753495875
102447.487341086
102023.52932739
101621.881537605
101236.5947452
100843
100449.053146574
100046.666204967
99629.8031270584
99184.2703012468
98740.5255524414
98284.9779257985
97811.8054339554
97334.756705476
96844.0277685601
96356.6319824199
95873.6195535913
95391.4784318157
94963.0492210417
94502.3410780911
94067.0853692358
93633.3130207897
93194.7895176953
92760.7466366073
92306.6162467963
91830.1305085921
91357.1795628867
90876.6826240543
90425.939738076
89969.8347884054
89501.5088061423
89027.765543197
88544.2018507781
88062.8341727109
87575.0813707121
87117.5343431303
86680.6550100345
86246.5139687806
85830.2
85421.6654142284
85017.5728073223
84630.8204960417
84254.0896813092
83897.7509601069
83526.1035605442
83159.2651862623
82771.1690455322
82392.4712247636
81990.0956376432
81597.8760091396
81207.2538739182
80817.2559779259
80428.2117182362
80017.1758802294
79601.4653426825
79156.8611462091
78683.3494385567
78217.6688842094
77718.0849733405
77202.0455692503
76685.19867153
76215.7317742646
75795.9014584963
75369.7871474328
74918.0386705
74436.1212337382
73934.1588644203
73406.686019596
72923.8794489368
72456.849760765
72008.2854753105
71559.4
71063.2913279452
70530.4441921313
69958.5487233255
69410.418469836
68854.9857574604
68266.5351335988
67687.5145608317
67071.5668166215
66462.4452628308
65878.6039631593
65303.6755097774
64792.1869023914
64248.4251949186
63701.6203398704
63190.3461965325
62706.6343951828
62246.1623738666
61798.5011073044
61354.9094517913
60916.21145945
60484.8394715572
60067.788328078
59660.7020572628
59257.0554613867
58822.8913496463
58379.3439262027
57954.023120903
57499.5921865529
57017.8734077147
56503.662192603
56031.0739352888
55578.8140008031
55098.2
54663.3765301581
54227.3803842203
53831.9895403805
53408.7228728155
52969.8825566723
52531.5943537178
52064.8396481044
51567.0083934417
51073.7810036363
50583.7657759541
50077.6549987971
49553.1520958794
49023.3314264715
48480.0757823996
47924.6202790335
47458.7016660953
47032.4051771619
46629.2749112779
46254.4054481819
45872.1448897031
45467.0876875243
45037.8204813467
44581.5194486604
44115.3244590979
43657.2085110135
43216.3449378444
42778.5111430612
42314.2551967029
41816.2158356139
41363.6216047967
40931.2739176828
40505.5740187098
40105.3
39690.04457712
39313.1156352899
38959.3465209525
38598.4751004409
38249.0554415478
37888.2193655763
37493.4317423287
37057.006465742
36602.2111321655
36150.8531084934
35713.040890421
35266.7045155029
34789.0364259384
34280.4752624014
33825.4896204479
33369.7226194628
32884.4210361358
32438.2347240357
31974.4418111432
31496.8199525956
31044.3897562773
30586.0722356976
30136.580059388
29719.9136150902
29290.0668574761
28852.9289958283
28378.6394466154
27918.4630174696
27440.9691554297
26933.0672325068
26426.4190567359
25922.3564161234
25403.9
24896.3999910622
24426.5326009246
23955.888543303
23527.2396994226
23114.7622107512
22699.517163419
22282.9626202608
21880.7794353188
21495.0004686694
21114.4262374836
20732.3747704501
20351.6639889504
19959.0214474457
19573.4291032558
19173.4046111893
18771.4766763233
18366.250166573
17957.7564746913
17570.0538986204
17193.2221443842
16846.2542431291
16519.608852346
16208.2886739524
15908.9547446084
15613.2917076812
15342.7302628349
15072.1280918768
14812.9419384101
14586.2696111036
14341.5994887738
14079.7039150052
13811.6405685907
13545.9
13278.9385881538
13010.4777767713
12744.8270488355
12504.482290126
12276.5943407532
12067.8167674289
11884.4175992391
11705.5882366519
11528.7127524144
11353.0917918183
11174.0389984138
10996.5502441923
10820.1546814047
10652.8937086612
10476.8440379728
10305.2148656136
10137.2260486106
9961.22105374856
9795.1082263096
9620.37395789799
9448.69916872737
9269.05616418081
9085.20742517755
8901.0723465241
8713.56968731455
8524.89236616459
8327.52468141005
8125.72316095228
7936.71339388992
7753.2343046356
7572.41105368666
7381.33206081045
7182.9
6994.90803521048
6812.93578064587
6624.66263664265
6437.8838222258
6252.87054972794
6071.79693202255
5890.46436263544
5712.25932123495
5525.01283323215
5342.14951969309
5164.30036640417
4984.72564352588
4803.05716456611
4623.89386807444
4448.38944296901
4274.53275832506
4100.68080058741
3924.65855476337
3755.79577760777
3586.80588855332
3409.75967250514
3231.10962050982
3064.31125783424
2902.06189401826
2743.53611939971
2582.53884511732
2407.52879749949
2246.95412530888
2088.22472729108
1935.97134182534
1780.97640407994
1630.32811317925
1483.9
1348.93178354875
1216.77043494236
1083.04640483735
948.794545461762
827.556431059735
698.804432938876
581.402838907089
464.387068192543
350.221032361959
248.026025207646
154.573112652448
