822181.933060814
794137.828890979
777704.700245402
758464.217702843
739849.96337047
724389.528402926
709413.498262746
699230.896660393
689097.547267039
674902.495650257
652942.930664919
623777.670602327
607026.253540429
589641.624245897
578867.2602043
573232.175268486
568639.138135281
563475.241992168
556204.666217017
543901.565839493
529919.64229786
519481.490536809
508495.940100622
497923.266728995
488213.832307317
476246.03232719
461371.047860264
446416.190833574
427845.366556888
419567.805490918
412895.57303291
407449.73420773
402647.417649338
397362.495278444
390404.338521024
382587.166873289
374718.671794096
366920.94595771
358677.175090556
350694.208344023
342384.728753466
337166.680724882
334149.206229515
330324.738722509
326350.001097842
321315.645983928
315535.500693523
309128.568186886
303452.920125631
298120.632016829
292855.767725656
288541.089258027
284017.017165781
278923.365695579
273453.427225264
268175.434194051
263362.252445136
257650.651668011
251961.164614914
247250.176877801
244323.182831669
242250.274431873
239479.491012675
236327.131567212
232450.152191791
228211.186178895
224069.357991287
220466.495599246
217679.734825864
215323.626622868
212941.812092015
210562.317357765
207922.785855173
204969.253755196
202379.853835739
199970.535693905
197203.697829756
194062.433834545
190979.026794883
188138.193142511
184793.11176304
181613.349707134
178576.825317351
175108.649826213
171662.95259803
168330.514024419
164763.404074195
161706.363725238
158718.217145045
155291.695514288
152272.519170594
149378.028161321
146373.682825329
143160.350356977
139834.961347358
136850.343070667
134475.985387875
132710.350996695
131249.637113926
130061.886744794
129020.919905011
128031.936027855
126987.981566603
125859.896122762
124670.968508332
123542.802785461
122402.08289043
121229.323762829
120055.474012954
118846.280566802
117596.526237059
116315.665096639
114874.55095623
113284.099142755
111447.46275866
109566.028251418
107773.554936126
106126.73166853
104739.733054501
103313.665781358
101946.975350945
100769.890305613
99547.3745939567
98192.6867893253
96749.1171984365
95308.170122798
93985.0456757047
92676.3896321892
91265.7891577599
89885.2048171202
88452.5852089712
87032.7943888093
85750.9194632581
84563.615900657
83458.159489939
82316.9344715454
81137.4288295921
79942.1798670371
78598.3285876132
77097.5312972194
75719.0498214605
74344.3003945731
72835.7363971172
71468.9914344372
69859.2077396285
68155.5322879468
66348.0820500091
64700.7445662478
63093.889414444
61716.8408174447
60405.9140362307
59179.4060455338
57871.5660344021
56412.1841290791
55018.3836968041
53756.7248725223
52446.6334816747
50982.0032640748
49449.7405019401
47833.6228259458
46561.5432199581
45387.0544041284
44027.3908291473
42690.1710012009
41285.0692528031
40028.8236924601
38893.2532323407
37815.7589713941
36518.4996174134
35180.3418311007
33744.7273173356
32356.3744858994
30957.0069839459
29642.6580737742
28296.2232569018
26837.6260375478
25307.7030956334
23875.6405265426
22624.1494615914
21424.8271080005
20282.9646668032
19098.5168725996
17882.7186487373
16785.3172666664
15854.0798291439
15022.5453603037
14294.8698151977
13498.7905117724
12701.0450556986
12034.3651473289
11498.5486297491
10966.2986907773
10447.6288055841
9930.72110758693
9417.64169428333
8867.49190546571
8291.07311344154
7721.38121092102
7149.35633344095
6590.72152486723
6038.2004094061
5489.90914486888
4955.04196826733
4417.86627947701
3894.38409677524
3379.71762676229
2877.09383890619
2378.7962299704
1909.63149955209
1462.2049895646
1061.14213409185
681.093193387122
333.482792559421
