199.765936761755
199.765936761752
199.765936761752
199.765936761753
199.765936761753
199.765936761752
199.765936761751
199.765936761755
199.765936761757
199.765936761744
199.765936761735
199.765936761785
199.765936761821
199.765936761643
199.765936761522
199.765936762186
199.76593676262
199.765936760123
199.765936758521
199.765936767868
199.765936773792
199.765936738806
199.765936716903
199.765936847861
199.765936928852
199.765936438707
199.765936139292
199.76593797374
199.76593908044
199.765932214807
199.76592812477
199.765953662877
199.765964445487
199.76582868286
199.76510543041
199.763043309706
199.758992049421
199.752431515895
199.74312437956
199.731114400838
199.716422587545
199.699034472251
199.678943352652
199.656151812263
199.630660150292
199.602466002383
199.571567434499
199.537963037384
199.501651095918
199.462629569342
199.420896308506
199.376449064966
199.329285425987
199.279402819014
199.226798519711
199.171469659729
199.113413212468
199.052626002864
198.989104695883
198.922845808987
198.8538456962
198.782100563627
198.707606450476
198.63035924809
198.550354676911
198.46758830954
198.382055543324
198.29375162794
198.202671632871
198.108810480148
198.012162906644
197.912723502336
197.810486664829
197.705446644824
197.597597499656
197.486933142081
197.373447264269
197.257133409567
197.137984971238
197.015995207499
196.89115692166
196.763462758442
196.632906032787
196.499479889937
196.363173815961
196.223977609887
196.081893853756
195.936921777458
195.789010880717
195.638128934295
195.484430766586
195.327347974685
195.162772358336
194.985461953402
194.789647206708
194.570505331575
194.326853763952
194.05835858021
193.764916076801
193.446430211955
193.102723060544
192.73360407103
192.338881700928
191.918351151973
191.471785355502
190.998942990205
190.499565666308
189.973377739036
189.420085140674
188.839373768032
188.230911456422
187.594342367778
186.929292472506
186.235360155766
185.512125094932
184.759135469376
183.975919001059
183.161968799005
182.316753614555
181.439705904453
180.530227143229
179.587682245348
178.611395950965
177.600656666301
176.554702135612
175.472731924029
174.353886246731
173.197258973802
172.001881035568
170.766720776368
169.490683481109
168.172590683605
166.811195769
165.405156833209
163.953035430372
162.453289675136
160.904285008983
159.304234924961
157.651101112239
155.943076107497
154.1780228715
152.351866024575
150.465898048041
148.531984749133
146.581272241608
144.64361662904
142.73722922362
140.864736106871
139.027217511187
137.227492820361
135.467776579435
133.750459835877
132.078080908523
130.453217717148
128.878539422425
127.356782515095
125.890740428412
124.483254454275
123.137199378124
121.855467534843
120.640950372576
119.496518695999
118.425000938389
117.429159555372
116.511665526143
115.675071788978
114.921786723216
114.254047283544
113.673892557347
113.183138420421
112.783353965532
112.475840341307
112.261612342042
112.141384102283
112.115559045815
112.184224009205
112.347147973283
112.603785452138
112.953284424186
113.394498546754
113.926003218206
114.546114700548
115.252912653415
116.044264536298
116.917853001567
117.871198229605
118.901695775052
120.006626448692
121.18316765345
122.428646812394
123.739507017053
125.114593445303
126.54348519586
127.987984989746
129.396411496565
130.742080139764
132.021278209327
133.238025755517
134.394213781289
135.491722655472
136.532446837884
137.518008282936
138.449924698299
139.329585753627
140.158263510172
140.937126242148
141.667240780291
142.349585242079
142.985055384893
143.574465622016
144.1185570664
144.618004033183
145.073414299065
145.485332521304
145.854246855343
146.180589211505
146.464735487745
146.7070115994
146.90769394513
147.067007654685
147.185131603969
147.262199084393
147.298294805579
147.293458684622
147.24768668142
147.160926945495
147.033082226102
146.864010852266
146.65352223019
146.40137763151
146.107291296254
145.770925479804
145.391889126758
144.969739072548
144.503974946532
143.994034667276
143.439296395283
142.839073053937
142.192599901805
141.49905242828
140.757517793121
139.966941287246
139.126560195523
138.248641663114
137.368772069209
136.525210732771
135.737749670511
135.008224639251
134.337959950484
133.728171722056
133.179972447604
132.694396752079
132.272371630636
131.914714700283
131.622129487675
131.395198963334
131.234378384496
131.139991232624
131.112228825866
131.151148761371
131.256672421611
131.428584521597
131.666537912015
131.9700568395
132.338539636628
132.77126190207
133.267385555633
133.825966046794
134.445958545705
135.126224163197
135.865541259905
136.662614389862
137.516081580916
138.424522628235
139.386470211729
140.400417964528
141.464827392806
142.578137140966
143.738770971552
144.945143838463
146.195669265183
147.488765625466
148.822860667443
150.196398178294
151.607841757418
153.055677379948
154.538419648212
156.054613879633
157.602836592778
159.181695787761
160.789846052472
162.425990526331
164.088792496824
165.777029650081
167.489806683677
169.225474383388
170.978989835749
172.726811067035
174.438850006567
176.089899847508
177.666425844232
179.170596900367
180.604985119561
181.97149085319
183.272013753173
184.508410289327
185.682310301107
186.795234726442
187.848574643676
188.843635327296
189.781599673384
190.663570415621
191.490554511263
192.263482442662
192.983205501092
193.6505021662
194.266085480793
194.830598958774
195.344630718605
195.808702528344
196.223288225768
196.588798120709
196.905600021715
197.174000556045
197.394267746204
197.566610173653
197.691200522899
197.768153093899
197.797548051413
197.779407445047
197.713720169427
197.600416551794
197.439394029872
197.230489760565
196.973507738651
196.6681904406
196.314245666345
195.911312075446
195.458994061741
194.956838514722
194.404344385645
193.800887288458
193.145843042403
192.438683810691
191.678620756075
190.86413773234
189.997253093757
189.087753350068
188.147768248525
187.191451470756
186.227375983859
185.257140244191
184.281053931684
183.298708715773
182.309939621959
181.314718029475
180.312932726723
179.304448327139
178.28914735546
177.266910720832
176.237609745621
175.201112520057
174.157284334227
173.105985327692
172.047071640919
170.980394039585
169.905799026926
168.82312754126
167.732215070178
166.632891896598
165.524981589323
164.408302237066
163.282664863064
162.147873591434
161.003725816936
159.850010460454
158.686509064867
157.512994528229
156.329230331076
155.134971281235
153.929961564137
152.71393476235
151.486613919393
150.247709406533
148.996919194455
147.733928443311
146.458407273629
145.170010851185
143.868378786366
142.553132756915
141.223876119619
139.880192955258
138.521645792466
137.147776165982
135.758096357765
134.352097043349
132.929262418906
131.489016392247
130.034148975981
128.572245701862
127.111457173168
125.654786935301
124.202713174483
122.755626222533
121.313976348531
119.878231966824
118.448889269476
117.026473928444
115.611541535099
114.204679783895
112.80650989776
111.417688379382
110.038908696293
108.670902930495
107.31444349143
105.970344824015
104.639465086314
103.322707774403
102.021023269137
100.735410274863
99.466917115575
98.21664284907
96.985738154198
95.7754059407908
94.5869016264748
93.4215330190023
92.2806597379292
91.1656921052341
90.078089431348
89.0193576214879
87.9910460343787
86.9947435287009
86.0320735560208
85.1046883028802
84.2142618348067
83.362482204472
82.5510425092882
81.7816308473055
81.0559192553904
80.375551781913
79.7421317601425
79.1572082164931
78.6222617254119
78.1386906109979
77.7077967680407
77.3307655349552
77.008690715457
76.7424802263535
76.5300274830701
76.3470813453235
76.1701868888916
75.9966557834088
75.8266069610496
75.6600841507357
75.4971143324325
75.3377296555387
75.1819613083608
75.029839998593
74.8813960215655
74.7366592066328
74.5956588983145
74.4584239303404
74.3249826046376
74.1953626695132
74.0695912929839
73.9476950431724
73.8296998663001
73.7156310603077
73.6055132572702
73.4993704005418
73.3972257201882
73.2991017172547
73.20502013977
73.115001961871
73.0290673690032
72.9472357332022
72.8695255976331
72.7959546608882
72.7265397538287
72.6612968294762
72.6002409448023
72.5433862431495
72.4907459465759
72.4423323359771
72.398156741902
72.3582295354116
72.3225601107299
72.2911568832033
72.2640272764382
72.2411777134759
72.2226136162011
72.2083393915796
72.1983584333754
72.1926731219843
72.1912847852013
72.1941936863238
72.2014003040968
72.2129002896154
72.2285529875717
72.2468839783668
72.2664354554968
72.2870562624265
72.3087471710099
72.3315078859275
72.3553368932919
72.3802327773878
72.4061940733907
72.4332192502185
72.4613067172909
72.4904548242943
72.5206618615938
72.5519260609077
72.584245595291
72.6176185800327
72.6520430729611
72.687517074743
72.7240385297934
72.7616053263857
72.8002152973155
72.8398662206296
72.8805558197552
72.9222817644351
72.9650416711561
73.0088331035556
73.0536535733652
73.0995005406844
73.1463714146614
73.1942635543372
73.2431742688602
73.2931008184521
73.3440404149926
73.3959902224214
73.4489473577506
73.5029088915191
73.5578718483779
73.6138332080532
73.6707899057679
73.7287388329646
73.787676838219
73.8476007275966
73.9085072656269
73.9703931762492
74.0332551403843
74.0970898051763
74.1618938423808
74.2276633481573
74.2943950956152
74.3621002715809
74.4302915454725
74.4946729024363
74.5508928931792
74.5985578586919
74.6376772973334
74.6682718288248
74.6903553128914
74.7039377507669
74.7090253367802
74.705620378106
74.6937213329089
74.6733227859923
74.6444154407898
74.6069861194
74.5610177129037
74.5064891533681
74.4433753885419
74.3716473054922
74.2912716819645
74.2022111332107
74.1044240061023
73.997864309556
73.8824816282071
73.7582209841511
73.6250227451028
73.4828224958511
73.3315508669398
73.1711334156552
73.0014904418613
72.8225367879443
72.634181678755
72.4363284681036
72.2288744173832
72.011710465171
71.7847209032393
71.5477831301141
71.3007673034491
71.0435359793718
70.7759437828852
70.4978369301713
70.2090528507973
69.9094196646224
69.598755663677
69.2768687786537
68.9435558893165
68.5986022382039
68.2417806559076
67.8728510645028
67.4915562330281
67.0976140658404
66.6916519956963
66.283477983802
65.882946197909
65.4909496827004
65.1077273426328
64.7335004561985
64.368491067772
64.0129218140782
63.6670152026984
63.3309931783694
63.0050766764521
62.6894851563214
62.3844361117328
62.090144555551
61.8068225055501
61.534678427451
61.2739166913255
61.0247370064001
60.787333834138
60.561895829878
60.3486052507014
60.1476373731772
59.9591599401286
59.7833325800458
59.620306257701
59.4702227596352
59.3332141653819
59.2094023593671
59.0988985932004
59.0018030485614
58.9182044388821
58.8481796829478
58.7917935950518
58.74909860502
58.7201345667585
58.7049286006289
58.703494961508
58.7158349886035
58.7419371143682
58.7817768982682
58.8353171171505
58.9025079383257
58.9832871172847
59.0775802269533
59.1853009736439
59.3063515421002
59.4406229600882
59.5879955265359
59.748338691272
59.921506253224
60.1068418193971
60.2959340619158
60.480564816072
60.6602522514203
60.8350551284419
61.0050287063588
61.170225334317
61.3306952064076
61.4864865036452
61.6376454694338
61.7842164759554
61.9262420828894
62.0637631051145
62.1968186641052
62.3254462427492
62.4496817398111
62.5695595108569
62.6851124203515
62.7963718800734
62.9033678892875
63.0061290766011
63.1046827290449
63.1990548326713
63.2892700989861
63.3753519968387
63.4573227817553
63.5352035177833
63.6090141083919
63.6787733128324
63.7444987732728
63.8062070314744
63.8639135481438
63.9176327223309
63.9673779030838
64.0131614100909
64.0549945408519
64.0928875888578
64.1268498504115
64.1568896370426
64.1830142844066
64.2052301579907
64.2235426640368
64.2379562498064
64.2484744144801
64.2550997069007
64.2578337330799
64.256677153924
64.2516296995772
64.2426902320105
64.2298561816685
64.2131000658541
64.1921012554942
64.1665510926832
64.1364223667591
64.1017060171138
64.0623921758534
64.018469571119
63.9699255621242
63.9167461298326
63.8589158660734
63.7964179448825
63.729234109268
63.6573446404498
63.5807283360792
63.4993624817227
63.4132228170722
63.3222835100917
63.2265171128994
63.1258945330882
63.0203849864083
62.9099559564411
62.7945731503687
62.6742004430008
62.5487998334149
62.4183313796564
62.2827531446784
62.14202113249
61.9960892143682
61.8449090660139
61.6884300814939
61.5265992956235
61.3593612995214
61.1866581387227
61.0084292238768
60.8246112206954
60.6351379338938
60.4399401962352
60.2389457326511
60.0320790243423
59.8192611699288
59.6004097210457
59.3754385176056
59.1442575157055
58.9067725893004
58.6628853253723
58.4124928108762
58.1554873878118
57.8917563550412
57.621181722665
57.3436437466847
57.0592598897999
56.7725957856085
56.4884749902334
56.2072292851542
55.9289292477611
55.6536411860229
55.3814318968179
55.1123689603582
54.8465207116472
54.5839562063497
54.3247451861308
54.0689580413693
53.8166657711728
53.5679399403383
53.3228526332213
53.0814764044494
52.8438842264007
52.6101494334146
52.3803456627344
52.1545467921789
51.9328268744875
51.7152600683888
51.5019205663383
51.2928825190473
51.088219956798
50.8880067076219
50.6923163124517
50.5012219373312
50.3147962827993
50.1331114906436
49.956239048101
49.7842496898002
49.6172132975483
49.4551987982664
49.2982740602931
49.1465057883019
48.9999594171993
48.8586990051974
48.7227871265053
48.5922847639
48.4672512015783
48.3477439186473
48.2338184836415
48.1255284504727
48.022925256199
47.9260581210534
47.8349739512795
47.7497172453371
47.6703299697707
47.5968503096097
47.5291124268836
47.4615933810141
47.3885685058223
47.3097762456536
47.2251760712524
47.1347263609582
47.0383824031763
46.936096157238
46.8278161342612
46.7134872767265
46.5930508284087
46.4664441930281
46.3336007809832
46.1944498432011
46.0489162910901
45.8969205009484
45.7383781026347
45.57319975095
45.4012908774997
45.2225514216574
45.0368755378099
44.8441512774401
44.6442602456679
44.4370772269178
44.222469776647
44.000297773907
43.7704129379232
43.532658299411
43.2868676183149
43.0328647447859
42.7704629264851
42.49946404046
42.2196577407294
41.9308205344296
41.6327147470872
41.3250873729684
41.0076688196159
40.6801714778643
40.3422881592193
39.9936903210226
39.6340260915643
39.2629180385018
38.8799606564728
38.4847175095842
38.0767180081413
37.6554536899627
37.2203740131125
36.7708814748416
36.3063259697466
35.8259984717297
35.3292981599839
34.8232450555082
34.3151817375777
33.8052578107019
33.2934758745449
32.7798418489428
32.2643650076602
31.7470584411077
31.2279395693431
30.7070307238171
30.1843598079606
29.6599610473781
29.1338758423286
28.6061537401858
28.0768535427568
27.5460445698834
27.0138081042927
26.4802390441385
25.9454477940304
25.4095624349012
24.8727312130314
24.3351253983375
23.7969425698663
23.2584103944487
22.7197909741986
22.1813858468058
21.643541739046
21.1066571802927
20.5711900939764
20.0376664956487
19.5066904328302
18.9789552950788
18.4552566150388
17.9365064469339
17.4237493595052
16.9181799770063
16.4211618641351
15.9342473195677
15.4591973366906
14.9980005517431
14.5528894236755
14.1263511990173
13.7211303892142
13.3402186815203
12.9868275410873
12.664338559998
12.376227240268
12.1259577886985
11.916849953228
11.7519238996201
11.6336799716851
11.5395008334252
11.4453666411002
11.351228500245
11.2570928070464
11.1629662828352
11.0688559901484
10.974769349633
10.8807141577998
10.7866986056725
10.6927312983761
10.5988212757091
10.5049780337374
10.4112115474609
10.3175322945996
10.2239512805366
10.1304800644806
10.037130786877
9.94391619813076
9.85084968866893
9.75794532040663
9.66521785964402
9.57268281143295
9.48035645546623
9.38825588349496
9.29639903831659
9.20480475435532
9.11349279982031
9.02248392046871
8.93179988494363
8.8414635316572
8.75149881718376
8.66193086609804
8.57278602215205
8.48409190070211
8.39587744222105
8.30817296672767
8.22101022891143
8.1344224736903
8.04844449188971
7.9631126756785
7.87846507333786
7.79454144285872
7.71138330380967
7.62903398682822
7.5475386799949
7.46694447126852
7.38730038606756
7.30865741895521
7.2310685583144
7.15458846086088
7.0788680064463
7.00353700175317
6.92862092767294
6.85414687676887
6.78014326384775
6.70663987891737
6.63366794029685
6.56126014750934
6.48945073354205
6.41827551596281
6.34777194632809
6.27797915721486
6.2089380061451
6.1406911155409
6.0732829077823
6.00675963429797
5.94116939754336
5.87656216457931
5.81298977087715
5.75050591284976
5.68916612752479
5.62902775768693
5.57014990073618
5.51259333947819
5.45642045304391
5.40169510615341
5.34848251501049
5.2968490882514
5.24686224152588
5.19859018457817
5.15210167999584
5.10746577322485
5.06475149392967
5.02402752935049
4.9853618709715
4.94882143651213
4.91447167003476
4.88237612375594
4.85259602596007
4.82518984019084
4.80021282163493
4.77771657723309
4.75774863656381
4.74035204088547
4.72556495785011
4.71342032933096
4.70394555946443
4.69716224947341
4.69308598497794
4.6917256815785
4.69172518260856
4.69172518260855
