264.827039604763
264.774154172789
264.721301582496
264.669006084412
264.61817021657
264.56970624787
264.524526447215
264.483543083505
264.447668112246
264.417397614184
264.391991954781
264.370483034767
264.35190275487
264.33528301582
264.319655718345
264.304052763175
264.287506051039
264.269047482666
264.247709215909
264.222864612815
264.194900877273
264.164392656924
264.131914599407
264.098041352363
264.063347563432
264.028407880254
263.99379695047
263.960089421718
263.927859804117
263.897500114556
263.868860116127
263.841689317538
263.815737227502
263.790753354727
263.766487207926
263.742688295807
263.719106127082
263.695490210461
263.671590100622
263.647216351959
263.62236077122
263.597048675923
263.571305383586
263.545156211727
263.518626477864
263.491741499517
263.464526594202
263.437007079438
263.409208279394
263.381164343606
263.352935644993
263.32458740477
263.296184844155
263.267793184365
263.239477646617
263.211303452127
263.183335822111
263.155639977788
263.128281117804
263.101294489616
263.074626344809
263.048206480996
263.021964695792
262.995830786812
262.969734551668
262.943605787977
262.917374293353
262.890969865409
262.864322328392
262.837396846928
262.81026359477
262.783012160244
262.755732131675
262.728513097388
262.70144464571
262.674616364965
262.648117843478
262.622038669576
262.596468394627
262.571447528672
262.546870862111
262.522606244029
262.498521523509
262.474484549636
262.450363171493
262.426025238165
262.401338598734
262.376171102286
262.350390640098
262.323921095385
262.296852723787
262.269306540642
262.24140356129
262.213264801069
262.185011275318
262.156763999377
262.128643988585
262.10077225828
262.073269777981
262.046196712787
262.019432555741
261.992823396403
261.966215324332
261.93945442909
261.912386800234
261.884858527327
261.856715699927
261.827804407595
261.79797082298
261.767171378467
261.735690128249
261.703871698746
261.672060716381
261.640601807573
261.609839598744
261.580118716315
261.551783786707
261.525179436341
261.500650140101
261.478339283346
261.457792741264
261.438445918612
261.419734220145
261.401093050618
261.381957814789
261.361763917413
261.339946763245
261.315941757042
261.289184515618
261.259392057151
261.227117545695
261.193068735807
261.157953382041
261.122479238953
261.087354061099
261.053285603033
261.020981619312
260.99114986449
260.964497851427
260.941412362052
260.921327169956
260.903499852162
260.887187985692
260.871649147569
260.856140914816
260.839920864455
260.822246573508
260.802375618997
260.779565800672
260.753370476643
260.724221216483
260.692711957547
260.659436637191
260.624989192769
260.589963561636
260.554953681147
260.520553488657
260.487356921521
260.455957773883
260.426759799378
260.399602072114
260.37421926565
260.350346053545
260.327717109355
260.306067106639
260.285130718956
260.264642619863
260.244337482918
260.223950011795
260.203254873847
260.182145483062
260.160537207852
260.138345416631
260.115485477811
260.091872759806
260.067422631028
260.042050459891
260.015671614807
259.988201523936
259.959634900234
259.93020204064
259.900176797942
259.869833024932
259.8394445744
259.809285299136
259.77962905193
259.750749685573
259.722921052854
259.696416903459
259.671374166215
259.64752322538
259.62451930138
259.602017614641
259.57967338559
259.557141834651
259.534078182252
259.510137648818
259.484975454776
259.458246947226
259.429775569904
259.399884242839
259.368988231537
259.337502801503
259.305843218242
259.27442474726
259.243662654062
259.213972204154
259.185768663041
259.159467149638
259.135288256169
259.112874565262
259.091761794471
259.071485661347
259.051581883442
259.031586178308
259.011034263498
258.989461856564
258.966404675058
258.941398597223
258.914192738421
258.885169819111
258.854829703579
258.82367225611
258.792197340991
258.760904822506
258.730294564944
258.700866432588
258.673120289727
258.647555823471
258.624437612146
258.603331640292
258.583674733213
258.564903716213
258.546455414596
258.527766653666
258.508274258726
258.487415055082
258.464625868036
258.439343719894
258.411267053995
258.380871090721
258.348774664569
258.315596610037
258.281955761625
258.24847095383
258.21576102115
258.184444798084
258.15514111913
258.128468612953
258.104772767873
258.083587472825
258.064296564512
258.046283879637
258.028933254903
258.011628527014
257.993753532672
257.974692108581
257.953828091443
257.930545506293
257.904478292512
257.876002975979
257.845633375384
257.813883309415
257.781266596762
257.748297056114
257.715488506161
257.683354765592
257.652409653097
257.623166860875
257.595972231078
257.570672862257
257.547023642953
257.524779461703
257.503695207049
257.483525767529
257.464026031683
257.444950888051
257.426055225171
257.407093953206
257.387850676176
257.368194257991
257.348009325805
257.327180506771
257.305592428041
257.283129716768
257.259677000106
257.235118905206
257.209340059221
257.182225159301
257.153751787219
257.124173518778
257.093794956825
257.062920704211
257.031855363785
257.000903538397
256.970369830894
256.940558844127
256.911775180944
256.884323350589
256.858383645947
256.833767267898
256.810217177893
256.787476337383
256.765287707817
256.743394250645
256.721538927318
256.699464699287
256.676914528001
256.653631458343
256.629469248993
256.604610629629
256.579299151601
256.553778366257
256.528291824948
256.503083079023
256.478395679832
256.454473178725
256.431559127051
256.40989696504
256.38958267708
256.370274102584
256.351548074704
256.332981426589
256.314150991391
256.294633602262
256.274006092352
256.251845294813
256.227728042795
256.201231331498
256.172147192686
256.140906610033
256.108058699585
256.074152577388
256.039737359488
256.00536216193
255.97157610076
255.938928292025
255.907967851768
255.879243733969
255.853089827177
255.829200982284
255.807153901956
255.786525288859
255.766891845657
255.747830275018
255.728917279607
255.709729562089
255.689843825131
255.668836895626
255.646450451606
255.62291600383
255.59855562559
255.573691390177
255.548645370882
255.523739640997
255.499296273812
255.475637342618
255.453084920708
255.431960947526
255.412409750399
255.394047906395
255.376394419683
255.358968294433
255.341288534813
255.322874144995
255.303244129146
255.281917491438
255.258413236039
255.232250563269
255.203208965797
255.171841359589
255.138843654677
255.104911761092
255.070741588864
255.037029048024
255.004470048602
254.97376050063
254.945596314138
254.920673155397
254.899363222414
254.881077571249
254.865049557608
254.850512537199
254.83669986573
254.822844898909
254.808180992444
254.791941502042
254.773359783411
254.751669441144
254.726434350546
254.698199741416
254.667692280893
254.635638636113
254.602765474216
254.56979946234
254.537467267623
254.506495557203
254.477610998219
254.451540025026
254.4287001704
254.408591108086
254.390542813822
254.373885263349
254.357948432405
254.34206229673
254.325556832063
254.307762014145
254.288007818713
254.265624430751
254.240219699852
254.212226518239
254.182230315818
254.150816522492
254.118570568164
254.08607788274
254.053923896123
254.022694038218
253.992973738928
253.965348268971
253.940191657193
253.917250255956
253.896154369906
253.876534303685
253.858020361938
253.84024284931
253.822832070443
253.805418329983
253.787631932573
253.769103268365
253.749576196378
253.729131732936
253.70791322956
253.686064037769
253.663727509082
253.64104699502
253.618165847103
253.595227416849
253.572375055779
253.54975206857
253.527439598296
253.505334083299
253.483297812855
253.46119307624
253.438882162733
253.416227361609
253.393090962146
253.36933525362
253.344822525309
253.319415131357
253.293061504437
253.265965847867
253.238379653021
253.21055441127
253.182741613987
253.155192752544
253.128159318315
253.101892802671
253.076644696984
253.052666408004
253.030097045957
253.008742047231
252.988345157061
252.96865012068
252.949400683319
252.930340590213
252.911213586595
252.891763417697
252.871733828754
252.850868647627
252.829021352736
252.806371234207
252.783157819733
252.759620637012
252.735999213736
252.712533077603
252.689461756305
252.66702477754
252.645461669001
252.625011860487
252.605784872098
252.587504214942
252.569822033005
252.552390470274
252.534861670735
252.516887778376
252.498120937183
252.478213291143
252.456816984242
252.433584285425
252.408333283872
252.381374781027
252.353110673248
252.323942856894
252.294273228323
252.264503683892
252.235036119962
252.206272432889
252.178614519032
252.152464175811
252.128091910413
252.10537811895
252.084131072003
252.064159040151
252.045270293974
252.027273104054
252.00997574097
251.993186475302
251.976713577632
251.96036532433
251.943957677474
251.927329436171
251.91032362174
251.892783255503
251.87455135878
251.855470952891
251.835385059158
251.814136698901
251.791568893441
251.767524742869
251.741951875689
251.715108512366
251.687310297036
251.658872873837
251.630111886907
251.601342980381
251.572881798397
251.545043985092
251.518145184603
251.492500971194
251.46833419677
251.445592201367
251.424171387115
251.403968156147
251.384878910593
251.366800052585
251.349627984254
251.33325910773
251.317589825146
251.302516504357
251.287890029232
251.273426134168
251.258815566503
251.243749073574
251.22791740272
251.211011301278
251.192721516588
251.172738795986
251.150753886812
251.126457675379
251.099725470301
251.070980565961
251.040747570874
251.009551093557
250.977915742528
250.946366126301
250.915426853395
250.885622532324
250.857477771606
250.831517039125
250.808078184563
250.786944546989
250.767796945002
250.750316197197
250.734183122169
250.719078538516
250.704683264833
250.690678119717
250.676743921764
250.662561527119
250.647861620448
250.632522945082
250.616451618118
250.599553756656
250.581735477795
250.562902898634
250.542962136272
250.521819307807
250.499380530338
250.475551990397
250.450332011644
250.423992690684
250.396856740526
250.369246874178
250.341485804649
250.313896244946
250.286800908079
250.260522507056
250.235383754884
250.211707277293
250.189699878976
250.169224218182
250.150079325778
250.132064232631
250.114977969609
250.09861956758
250.082788057411
250.06728246997
250.051901836125
250.036445204431
250.020735096451
250.004663780587
249.988136420363
249.971058179298
249.953334220914
249.934869708733
249.915569806275
249.895339677063
249.874084484616
249.851709452983
249.828200123221
249.803780687468
249.778719460771
249.753284758177
249.727744894734
249.702368185488
249.677422945488
249.653177489779
249.62990013341
249.607859117638
249.587224764665
249.56787644354
249.549639730553
249.532340201993
249.51580343415
249.499855003313
249.484320485774
249.46902545782
249.453795495742
249.438456195464
249.422859207118
249.406933597371
249.390622746018
249.373870032852
249.356618837668
249.338812540258
249.320394520418
249.301308157941
249.28149683262
249.260903961504
249.239522397863
249.217491887975
249.194979336375
249.172151647598
249.149175726179
249.126218476653
249.103446803554
249.081027611417
249.059127804778
249.037914241519
249.017491874431
248.99778171373
248.978670761482
248.960046019754
248.941794490614
248.923803176129
248.905959078365
248.888149199389
248.870260541269
248.852180142418
248.833843274413
248.815328527107
248.796740987698
248.778185743384
248.759767881362
248.74159248883
248.723764652985
248.706389461025
248.689572000146
248.673417294808
248.657947113918
248.642935843843
248.628112133725
248.613204632708
248.597941989935
248.58205285455
248.565265875694
248.547309702512
248.527912984145
248.506804483349
248.483863724915
248.459418202523
248.433878232402
248.407654130783
248.381156213895
248.354794797971
248.328980199238
248.304122733929
248.280632718273
248.258920346795
248.239234311421
248.221343421066
248.204927761668
248.189667419161
248.175242479483
248.161333028568
248.147619152352
248.133780936772
248.119498467763
248.104451916471
248.088434526402
248.071575520212
248.054066237927
248.036098019572
248.017862205174
247.999550134759
247.981353148353
247.963462585982
247.946069787674
247.929366021322
247.91344683697
247.898123372084
247.883154180625
247.868297816551
247.853312833822
247.837957786397
247.821991228236
247.805171713298
247.787257795542
247.768008120243
247.747302507719
247.72538083345
247.702549541573
247.679115076223
247.655383881537
247.631662401651
247.608257080702
247.585474362826
247.563620692158
247.543002437707
247.523826272155
247.506002634115
247.489387193084
247.473835618557
247.45920358003
247.445346746997
247.432120788955
247.419381375399
247.406984175825
247.394784855929
247.382634040663
247.370367377089
247.357817743091
247.344818016548
247.331201075344
247.31679979736
247.301447060477
247.284975742577
247.267218721542
247.248008956578
247.227287323195
247.205315355527
247.182413872553
247.158903693249
247.135105636594
247.111340521564
247.087929167138
247.065192392293
247.043451016006
247.023025775759
247.004129264558
246.986652738801
246.970428044697
246.955287028454
246.94106153628
246.927583414383
246.914684508971
246.902196666252
246.889951732434
246.877781565384
246.865533493573
246.853100814267
246.840385323657
246.827288817933
246.813713093285
246.799559945903
246.784731171978
246.769128567699
246.752653929257
246.735209102703
246.716762101151
246.697477544131
246.677556400674
246.657199639814
246.636608230579
246.615983142003
246.595525343117
246.575435802951
246.555915490539
246.537165321803
246.519315739824
246.50228778721
246.485963791645
246.470226080813
246.454956982398
246.440038824083
246.425353933555
246.410784638495
246.396213266589
246.381522168085
246.366623637553
246.351518945029
246.336225810746
246.320761954936
246.305145097831
246.289392959663
246.273523260665
246.257553721069
246.241502061107
246.225386005856
246.209229709965
246.193076432675
246.176972965372
246.160966099445
246.14510262628
246.129429337265
246.113993023785
246.098840477229
246.084018488984
246.06957382749
246.055522811588
246.041791283273
246.028288356765
246.014923146284
246.001604766048
245.988242330278
245.974744953193
245.961021749013
245.946981831957
245.932534334184
245.917612193684
245.902219084233
245.886371757567
245.87008696542
245.853381459527
245.836271991622
245.818775313441
245.800908176718
245.782687333188
245.764129555774
245.745279733676
245.726266299793
245.707233132967
245.688324112037
245.669683115845
245.651454023234
245.633780713043
245.616807064115
245.600676955291
245.585534211721
245.57145141061
245.558289425593
245.545869989567
245.534014835433
245.522545696092
245.511284304443
245.500052393386
245.488671695821
245.476963944648
245.464750917344
245.451913543882
245.438508517836
245.424625028766
245.41035226623
245.395779419787
245.380995678995
245.366090233414
245.351152272601
245.336270986116
245.321535543904
245.307009088863
245.292677428063
245.278512070369
245.264484524646
245.25056629976
245.236728904576
245.222943847959
245.209182638774
245.195416785887
245.18161780704
245.167769000666
245.153888669912
245.140001589758
245.126132535185
245.112306281173
245.098547602701
245.084881274751
245.071332072303
245.057924770336
245.044684128935
245.031615139472
245.018664053288
245.005766261597
244.992857155613
244.97987212655
244.966746565619
244.953415864037
244.939815413015
244.925880603767
244.91154685422
244.896785028446
244.881671313935
244.866301370852
244.850770859361
244.835175439629
244.819610771821
244.804172516102
244.788956332638
244.774057881594
244.759572798186
244.745563610743
244.731994474971
244.718811358996
244.705960230942
244.693387058933
244.681037811096
244.668858455554
244.656794960433
244.644793293857
244.632799431034
244.620768746581
244.60868454418
244.596535291165
244.584309454872
244.571995502637
244.559581901794
244.54705711968
244.534409623629
244.521627880978
244.508700367676
244.495626992931
244.482441638309
244.469184466344
244.455895639569
244.442615320519
244.429383671727
244.416240855726
244.40322703505
244.390382372232
244.377747016261
244.365343139694
244.353139500584
244.341094981459
244.32916846485
244.317318833286
244.305504969299
244.293685755418
244.281820074173
244.269866808093
244.257784851281
244.245548452292
244.233177483356
244.220700251821
244.208145065032
244.195540230335
244.182914055077
244.170294846603
244.15771091226
244.145190559395
244.132762087616
244.12044353014
244.108222414992
244.096080630258
244.084000064024
244.071962604374
244.059950139395
244.04794455717
244.035927745786
244.023881593328
244.011787993257
243.99963597215
243.987435751676
243.975201472145
243.962947273872
243.950687297168
243.938435682345
243.926206569717
243.914014099596
243.901872412293
243.889795650358
243.87780092226
243.865914149305
243.85416288216
243.842574671488
243.831177067955
243.819997622225
243.809063884962
243.798403406832
243.788043738499
243.778012406312
243.768304669811
243.758819912103
243.749439790214
243.740045961174
243.730520082012
243.720743809756
243.710598801435
243.699966714077
243.688729204712
243.676767978394
243.664028472494
243.650645496284
243.636788870983
243.622628417814
243.608333957996
243.59407531275
243.580022303297
243.566344750859
243.553212476654
243.540795253112
243.529198103211
243.518333655762
243.508078968852
243.49831110057
243.488907109004
243.479744052243
243.470698988375
243.461648975488
243.452471071671
243.44304236316
243.433277288661
243.423201274669
243.412860267609
243.402300213906
243.391567059986
243.380706752276
243.369765237202
243.358788461188
243.347822370661
243.336912904249
243.326095652143
243.315375455562
243.304751470714
243.294222853807
243.28378876105
243.273448348651
243.263200772818
243.253045189759
243.242980755683
243.233006624842
243.223119357767
243.213307808084
243.203559404537
243.193861575866
243.184201750812
243.174567358119
243.164945826525
243.155324584774
243.145691061607
243.136032688381
243.126340368791
243.116615324102
243.106860683139
243.09707957473
243.0872751277
243.077450470875
243.067608733081
243.057753043144
243.04788652989
243.038012322633
243.02813419807
243.01825785651
243.008389353906
242.998534746214
242.988700089389
242.978891439383
242.969114852153
242.959376383651
242.949682089834
242.940038025087
242.930448162929
242.92091029386
242.911421065235
242.901977124412
242.892575118746
242.883211695593
242.873883502309
242.864587186251
242.855319394773
242.846076775017
242.836855688214
242.827651646052
242.818460003153
242.809276114137
242.800095333628
242.790913016245
242.781724516611
242.772525189346
242.763310389073
242.754075473843
242.744820353215
242.735558460932
242.726305731154
242.717078098039
242.707891495744
242.698761858428
242.689705120248
242.680737215364
242.671874077933
242.66313163561
242.654517184927
242.646012376218
242.63759411823
242.629239319708
242.620924889397
242.612627736045
242.604324768396
242.595992895196
242.587609025193
242.579150074717
242.570603028077
242.561984785194
242.553317776926
242.544624434131
242.535927187667
242.527248468394
242.518610707169
242.51003633485
242.501547782296
242.493167473521
242.484908750764
242.476757971006
242.468696502067
242.460705711769
242.452766967933
242.444861638379
242.436971090929
242.429076693404
242.421159813625
242.4132018242
242.405190451867
242.397132303783
242.389037477805
242.380916071792
242.3727781836
242.364633911088
242.356493352113
242.348366604533
242.340263766205
242.332194933678
242.324168465768
242.316187557863
242.308254450712
242.300371385063
242.292540601665
242.284764341267
242.277044844617
242.269384352463
242.261785105554
242.254249343089
242.246777247062
242.239362886765
242.231999201347
242.224679129955
242.217395611738
242.210141585844
242.20290999142
242.195693767615
242.188485853577
242.181279189965
242.174068721984
242.166855351076
242.1596410799
242.152427911116
242.145217847382
242.138012891358
242.130815045703
242.123626313076
242.116448696136
242.10928419805
242.102135496003
242.095007269932
242.087904570053
242.080832446581
242.073795949733
242.066800129723
242.059850036766
242.05295072108
242.046107232878
242.039324618835
242.032603225006
242.025929430197
242.019287030889
242.012659823559
242.006031604687
241.999386170751
241.992707318231
241.985978843604
241.97918454335
241.972308221609
241.965343848975
241.95831560428
241.951253251392
241.944186554182
241.937145276519
241.930159182272
241.92325803531
241.916471599503
241.909829638721
241.903361907729
241.897086082095
241.890983945685
241.885030646543
241.879201332712
241.873471152237
241.867815253161
241.862208783529
241.856626891383
241.851044724767
241.845437435475
241.839785150646
241.834082780981
241.828327970437
241.822518362969
241.816651602532
241.810725333082
241.804737198575
241.798684842966
241.792565910211
241.78637804837
241.780124353321
241.773824108389
241.767499589708
241.761173073412
241.754866835634
241.748603152509
241.74240430017
241.736292554753
241.73029019239
241.724419481045
241.718691846069
241.713086495461
241.70757668073
241.702135653384
241.696736664932
241.691352966882
241.685957810743
241.680524448023
241.675026130229
241.66943611745
241.663739052404
241.657953399768
241.652103877373
241.646215203053
241.640312094638
241.634419269962
241.628561446858
241.622763343157
241.617049676692
241.611445158157
241.605965023313
241.600596354466
241.595321028776
241.590120923406
241.584977915516
241.579873882269
241.574790700827
241.56971024835
241.564614402001
241.559485042924
241.554309337342
241.549090155367
241.543833270521
241.538544456324
241.533229486297
241.527894133961
241.522544172836
241.517185376444
241.511823518304
241.506464373148
241.50111532032
241.495788507066
241.49049696214
241.485253714298
241.480071792296
241.474964224887
241.469944040829
241.465024268875
241.460217937782
241.455538070485
241.450989967377
241.446555982369
241.442214226918
241.437942812483
241.433719850521
241.42952345249
241.425331729849
241.421122794055
241.416874756568
241.412565734912
241.40818190017
241.403733353457
241.399234620187
241.394700225771
241.390144695622
241.385582555153
241.381028329775
241.376496544903
241.372001725947
241.367558394865
241.363176486942
241.358852308802
241.354579647335
241.350352289435
241.346164021992
241.3420086319
241.337879906049
241.333771631333
241.329677594643
241.325591583627
241.32150839006
241.317425789335
241.313342108472
241.309255674491
241.30516481441
241.301067855249
241.296963124028
241.292848947766
241.288723653482
241.284585570626
241.280436252817
241.276286833856
241.272150218775
241.268039312602
241.263967020369
241.259946247104
241.25598989784
241.252110877605
241.248322091429
241.244636438868
241.241059553672
241.237575480239
241.234164271428
241.2308059801
241.227480659115
241.224168361333
241.220849139613
241.217503046816
241.214110135801
241.2106504659
241.207112684495
241.203510957189
241.199864167513
241.196191198996
241.19251093517
241.188842259563
241.185204055707
241.181615207132
241.178094597367
241.174661104532
241.171326425349
241.168080918006
241.164910995521
241.161803070915
241.158743557206
241.155718867413
241.152715414557
241.149719611656
241.14671787173
241.143696610973
241.140646459108
241.137570565787
241.134474395401
241.131363412344
241.128243081007
241.125118865783
241.121996231064
241.118880641244
241.115777560714
241.112692452577
241.109629069217
241.106586079846
241.103561213873
241.100552200709
241.097556769766
241.094572650455
241.091597572185
241.088629264369
241.085665456416
241.082703878719
241.079743564022
241.07678741483
241.073839049108
241.070902084819
241.067980139927
241.065076832397
241.062195780194
241.059340601281
241.056514913622
241.053722334546
241.050965636693
241.048245082832
241.045560471696
241.042911602016
241.040298272525
241.037720281955
241.035177429038
241.032669512507
241.030196331094
241.027757682096
241.025351458204
241.022969892839
241.020604173108
241.018245486117
241.015885018972
241.013513958782
241.011123492652
241.00870480769
241.006249091001
241.003747534072
241.00119713749
240.99861216281
240.996010062872
240.993408290517
240.990824298585
240.988275539917
240.985779467353
240.983353533734
240.981015191901
240.978781888618
240.976663008837
240.974643982922
240.972705812405
240.970829498816
240.968996043688
240.96718644855
240.965381714935
240.963562844373
240.961710838395
240.959806703456
240.957837979163
240.955811617503
240.953738159509
240.951628146218
240.949492118663
240.947340617881
240.945184184906
240.943033360774
240.940898686519
240.938790701559
240.93671779851
240.934681991068
240.932684113559
240.930725000313
240.928805485659
240.926926403925
240.92508858944
240.923292876532
240.92154009953
240.91983109131
240.918164757796
240.916534279227
240.914931777255
240.913349373529
240.9117791897
240.910213347419
240.908643968335
240.9070631741
240.905463086363
240.903835829201
240.902176746307
240.900490748024
240.898784513422
240.89706472157
240.895338051539
240.893611182399
240.891890793219
240.890183563068
240.888496171018
240.886835295885
240.885207280976
240.883617472677
240.882071033059
240.88057312419
240.879128908143
240.877743546986
240.87642220279
240.875170037626
240.873992213563
240.872893889258
240.871875691787
240.870924783266
240.870025836344
240.869163523668
240.86832251789
240.867487491658
240.86664311762
240.865774068427
240.864865016728
240.863900639084
240.862870803874
240.861780806257
240.860638793567
240.859452913136
240.858231312297
240.856982138383
240.855713538728
240.854433660664
240.853150651525
240.851872657407
240.850606185717
240.849352874705
240.848113462389
240.846888686789
240.845679285922
240.844485997809
240.843309560467
240.842150711916
240.841010190173
240.839888733286
240.838787115256
240.837706216922
240.836646938876
240.835610181709
240.834596846013
240.833607832381
240.832644041404
240.831706373673
240.830795729781
240.829913010447
240.829059284257
240.828236118606
240.827445173108
240.826688107376
240.825966581024
240.825282253667
240.824636784918
240.824031834391
240.8234690617
240.822950123927
240.822473316714
240.822026947652
240.821597477692
240.821171367787
240.82073507889
240.820275071952
240.819777807925
240.819229747763
240.818617352417
240.817927088845
240.817153393885
240.816314385785
240.815432561123
240.814530416474
240.813630448416
240.812755153527
240.811927028382
240.811168569558
240.810502273633
240.809950629693
240.809526186746
240.809211958207
240.808985496817
240.808824355316
240.808706086445
240.808608242942
240.808508377549
240.808384043005
240.80821279205
240.807972183382
240.807647680132
240.807248232387
240.806787132609
240.806277673261
240.805733146805
240.805166845706
240.804592062424
240.804022089423
240.803470219166
240.802949741778
240.802470847726
240.802034517246
240.801640027748
240.801286656641
240.800973681334
240.800700379236
240.800466027756
240.800269904303
240.800111286287
240.799989450504
240.799902859964
240.799847559629
240.799819147399
240.799813221176
240.79982537886
240.799851218352
240.799886337553
240.799926334363
240.799966806684
240.800003353206
240.800032619418
240.800054361238
240.800068909655
240.800076595655
240.800077750226
240.800072704356
240.800061789033
240.800045335243
240.800023673974
240.799997136673
240.799966662364
240.799934995417
240.799905213981
240.799880396204
240.799863620235
240.799857964223
240.799866506317
240.799892324665
240.799938497418
240.800008103102
240.800104724124
240.800233440092
240.800399607421
240.80060858253
240.800865721835
240.801176381752
240.8015459187
240.801979689095
240.802483049354
240.803061351918
240.803714672138
240.804427405215
240.805181047334
240.805957094676
240.806737043427
240.807502389767
240.808234629882
240.808915259953
240.809525776165
240.810047681226
240.810471139325
240.810812051048
240.811091075244
240.811328870764
240.811546096459
240.811763411178
240.812001473772
240.812280943092
240.812622477987
240.813046731177
240.813566218561
240.814169278594
240.814839779691
240.815561590267
240.816318578738
240.81709461352
240.817873563029
240.818639295679
240.819375679886
240.820066588066
240.82070120043
240.821284468576
240.821824259993
240.822328442168
240.822804882587
240.82326144874
240.823706008113
240.824146428193
240.824590576468
240.825046319557
240.82552037272
240.826016030102
240.826535953338
240.827082804063
240.827659243912
240.828267934519
240.82891153752
240.82959271455
240.830314127243
240.831078435705
240.831886270691
240.832732233017
240.833609808656
240.834512483581
240.835433743766
240.836367075183
240.837305963806
240.838243895607
240.839174356561
240.840090834623
240.840989451517
240.841874154831
240.842750339038
240.843623398612
240.844498728024
240.845381721748
240.846277774256
240.84719228002
240.848130633515
240.849098226801
240.850097254242
240.85112040866
240.852158626191
240.853202842971
240.854243995138
240.855273018826
240.856280850172
240.857258425311
240.858196680381
240.859086555171
240.859923838516
240.860718727531
240.861484083199
240.862232766502
240.862977638425
240.863731559949
240.864507392058
240.865317995734
240.866176231962
240.867094958516
240.868082777695
240.869135647217
240.870247187014
240.871411017019
240.872620757163
240.873870027379
240.875152447597
240.876461637751
240.877791217771
240.879134807764
240.880486257705
240.881840100603
240.883190995745
240.884533602422
240.885862579923
240.887172587537
240.888458284554
240.889714330262
240.890935383952
240.892116107427
240.893254498484
240.894358467373
240.895437757006
240.896502110293
240.897561270146
240.898624979474
240.899702981188
240.9008050182
240.901940833419
240.903120166528
240.90434847236
240.905618473905
240.906920540231
240.908245040405
240.909582343495
240.910922818569
240.912256834694
240.913574760939
240.914866966372
240.916123823461
240.917340219075
240.918524454005
240.91968730907
240.920839565087
240.921992002874
240.923155403251
240.924340547034
240.925558215043
240.926819188095
240.92813424363
240.92950967534
240.930938454073
240.932411087489
240.933918083247
240.935449949007
240.936997192428
240.938550321169
240.94009984289
240.941636265249
240.943150098021
240.944634655567
240.946091585703
240.947524076974
240.948935317924
240.950328497097
240.951706803038
240.95307342429
240.954431549399
240.955784366908
240.957135065286
240.958486733394
240.959842164116
240.961204095616
240.962575266058
240.963958413605
240.965356276421
240.966771592669
240.968207100514
240.969665538119
240.971149642834
240.972661072857
240.974198279833
240.975759122562
240.977341459845
240.978943150484
240.980562053279
240.982196027032
240.983842930545
240.985500622617
240.987166961378
240.988838913177
240.990510794552
240.992176432137
240.993829652563
240.995464282461
240.997074148463
240.998653077201
241.000194895308
241.001693429414
241.003142509652
241.004540612435
241.005900019957
241.00723556689
241.008562087905
241.009894417674
241.011247390869
241.012635842162
241.014074606225
241.015578517728
241.017162406012
241.018834023082
241.020580091618
241.022383446303
241.024226921818
241.026093352843
241.027965574059
241.029826420149
241.031658725793
241.033445325673
241.035169059301
241.036819178238
241.038403986569
241.039935310896
241.041424977824
241.042884813955
241.044326645893
241.045762300241
241.047203603602
241.04866238258
241.050150461783
241.051677018965
241.053243367106
241.054849365111
241.056494871886
241.058179746337
241.059903847369
241.061667033888
241.063469164799
241.065310099007
241.067189693566
241.069105345902
241.071047145009
241.07300382866
241.074964134631
241.076916800696
241.07885056463
241.080754164207
241.082616337203
241.08442582139
241.086171358954
241.087847542427
241.08946634786
241.091042965249
241.092592584589
241.094130395878
241.095671589111
241.097231354283
241.098824881391
241.100467360431
241.102173976617
241.103953570389
241.105796129552
241.107688156345
241.109616153011
241.111566621791
241.113526064928
241.115480984661
241.117417883234
241.119323262886
241.121183629577
241.122990421015
241.124749728934
241.126470354371
241.128161098366
241.129830761956
241.131488146178
241.133142052072
241.134801280675
241.136474633024
241.138170908074
241.13989613855
241.141648137713
241.143423199169
241.145217616524
241.147027683385
241.148849693358
241.150679940051
241.152514717068
241.154350318018
241.156183037128
241.158009993783
241.159830759213
241.161645357952
241.163453814537
241.165256153504
241.167052399388
241.168842576725
241.170626710052
241.172404823905
241.174176943416
241.175943886316
241.177708825435
241.179475369023
241.181247125328
241.1830277026
241.184820709091
241.186629753048
241.188458442722
241.190310386363
241.19218919021
241.194095791951
241.196023200045
241.197962956957
241.199906605152
241.201845687095
241.20377174525
241.205676322083
241.207550960059
241.209387201643
241.211176592746
241.212915252879
241.214612891383
241.216281730148
241.217933991064
241.219581896021
241.22123766691
241.22291352562
241.224621694042
241.226374394066
241.228183843807
241.230057251532
241.231986939421
241.23396247745
241.235973435592
241.238009383821
241.240059892112
241.242114530438
241.244162868774
241.246194477093
241.248198928025
241.250169316993
241.252109206931
241.254024096052
241.255919482569
241.257800864695
241.259673740644
241.261543608629
241.263415966864
241.265296313562
241.267190145093
241.269100511494
241.271023193853
241.272952629342
241.274883255134
241.2768095084
241.278725826313
241.280626646046
241.28250640477
241.284359539658
241.286180489601
241.28796597503
241.289719495657
241.29144580458
241.293149654897
241.294835799705
241.296508992102
241.298173985186
241.299835532055
241.301498385805
241.303167299502
241.304846981386
241.306542006519
241.308256925338
241.309996288279
241.31176464578
241.313566548277
241.315406546209
241.317289190011
241.319219030121
241.321200614392
241.323235061425
241.325313300266
241.327424376068
241.329557333987
241.331701219175
241.333845076788
241.335977951978
241.338088889901
241.34016693571
241.342201136929
241.344183686913
241.346116126417
241.348001724388
241.349843749773
241.351645471519
241.353410158571
241.355141079878
241.356841504385
241.35851470104
241.360163939891
241.361793952922
241.363413816065
241.365033408378
241.36666260892
241.36831129675
241.369989350927
241.37170665051
241.373473074558
241.37529850213
241.377192807508
241.379159525398
241.381183353323
241.3832455061
241.385327198548
241.387409645483
241.389474061722
241.391501662083
241.393473661383
241.39537127444
241.397175723079
241.398877528487
241.400494843644
241.40205093022
241.403569049889
241.40507246432
241.406584435186
241.408128224158
241.409727092909
241.411404303109
241.413183108176
241.415075808653
241.417062160102
241.419115901018
241.421210769898
241.423320505238
241.425418845534
241.427479529283
241.429476294981
241.431382881124
241.433173035216
241.4348324579
241.436382366949
241.437850546708
241.43926478152
241.440652855728
241.442042553676
241.443461659708
241.444937958166
241.446499233395
241.448173261962
241.449977500748
241.451898743101
241.453918113148
241.456016735021
241.458175732849
241.46037623076
241.462599352886
241.464826223354
241.467037966295
241.469215708938
241.471344691108
241.473422372648
241.475448472697
241.477422710394
241.479344804877
241.481214475282
241.48303144075
241.484795420418
241.486506133423
241.488163300285
241.489768472821
241.491328644307
241.492851814061
241.494345981401
241.495819145645
241.49727930611
241.498734462114
241.500192612975
241.501661758012
241.503149894921
241.504662872608
241.506200155123
241.507760026057
241.509340769
241.510940667544
241.512558005278
241.514191065793
241.51583813268
241.51749748953
241.51916742003
241.520846336747
241.522533035201
241.524226381712
241.525925242598
241.52762848418
241.529334972779
241.531043574713
241.532753156303
241.534462583868
241.53617072296
241.537875418403
241.539571482072
241.541253165097
241.542914718608
241.544550393735
241.546154441607
241.547721113355
241.549244660108
241.550719332996
241.552139387129
241.553504358641
241.554829475511
241.556132866901
241.55743266197
241.558746989881
241.560093979793
241.561491760868
241.562958462265
241.564512213147
241.566171135523
241.567943864034
241.569810842884
241.5717473043
241.57372848051
241.575729603741
241.577725906219
241.579692620174
241.58160497783
241.583438211416
241.585167559778
241.586777044223
241.588276781953
241.589681714898
241.591006784989
241.592266934156
241.593477104329
241.594652237438
241.595807275414
241.596957160187
241.598116831364
241.599298145073
241.600503795303
241.601734782106
241.602992105533
241.604276765636
241.605589762466
241.606932096075
241.608304766514
241.609708773835
241.611145116765
241.612613037485
241.614106558835
241.615618738678
241.617142634879
241.6186713053
241.620197807807
241.621715200262
241.623216540529
241.624694886473
241.626143297575
241.627556980986
241.628937525356
241.630287699181
241.631610270951
241.632908009162
241.634183682307
241.635440058878
241.636679907369
241.637905996273
241.639121094934
241.640329100572
241.641537261739
241.642753446599
241.643985523315
241.64524136005
241.646528824966
241.647855786227
241.649230111996
241.650659670435
241.652152325689
241.653710609728
241.655321210687
241.656967887422
241.658634398787
241.660304503637
241.661961960827
241.663590529212
241.665173967647
241.666696034987
241.668140494309
241.669496712516
241.670770707511
241.671971575712
241.673108413536
241.674190317401
241.675226383724
241.676225708923
241.677197389414
241.678150521616
241.679094201073
241.680036364207
241.680981503267
241.681933473728
241.682896131067
241.683873330758
241.684868928276
241.685886779097
241.686930738695
241.688004662547
241.689112405398
241.690256854657
241.691438023422
241.692655393374
241.693908446196
241.695196663568
241.696519527172
241.69787651869
241.699267119804
241.700690812196
241.702147074335
241.703631124165
241.705125520046
241.706610479775
241.708066221151
241.709472961972
241.710810920036
241.712060313141
241.713201359087
241.71421427567
241.71507929026
241.715789331681
241.716375069395
241.716874150526
241.717324222201
241.717762931545
241.718227925684
241.718756851744
241.719387356849
241.720157088125
241.721103680623
241.72224874511
241.723566278376
241.725021474121
241.726579526045
241.728205627847
241.729864973227
241.731522755884
241.733144169518
241.734694407829
241.736138672247
241.73745242288
241.738641602102
241.73971778799
241.74069255862
241.741577492067
241.742384166409
241.743124159721
241.743809050078
241.744450415558
241.74505983439
241.745649087371
241.746230557216
241.746816737919
241.747420123476
241.748053207884
241.748728485137
241.749458449234
241.750255594168
241.751132413937
241.752101396195
241.753166613634
241.754307135034
241.755497406335
241.756711873476
241.757924982398
241.759111179041
241.760244909344
241.761300619248
241.762252754693
241.763075770831
241.763756348091
241.764317492647
241.764788926741
241.765200372618
241.765581552523
241.765962188698
241.766372003389
241.766840718838
241.767398057291
241.76807373148
241.768884835
241.769810965379
241.770824787701
241.77189896705
241.77300616851
241.774119057166
241.7752102981
241.776252556399
241.777218497144
241.778080794247
241.778823832907
241.779466796837
241.780035303455
241.780554970182
241.781051414436
241.781550253639
241.782077105209
241.782657586567
241.783317315132
241.784081899532
241.78496528137
241.785946735273
241.786999126479
241.788095320224
241.789208181745
241.790310576279
241.791375369062
241.792375425333
241.793283610328
241.794072797626
241.794726931613
241.79526285207
241.795703480629
241.796071738924
241.796390548585
241.796682831247
241.796971508541
241.7972795021
241.797629733557
241.798045118965
241.798541171178
241.799111405446
241.799745270003
241.800432213081
241.801161682914
241.801923127733
241.802705995773
241.803499735266
241.804293794444
241.805077622513
241.805841959675
241.806581382145
241.807291175358
241.807966624751
241.808603015759
241.809195633819
241.809739764366
241.810230692837
241.810663704668
241.811034088981
241.811342028121
241.811602243975
241.811832146566
241.812049145916
241.81227065205
241.812514074991
241.812796824761
241.813136311385
241.813549944886
241.814055128564
241.81466034484
241.815347568955
241.81609387538
241.816876338585
241.817672033041
241.818458033219
241.819211413589
241.819909248622
241.82052861279
241.821046588765
241.821451144519
241.821762592204
241.822007223915
241.822211331744
241.822401207787
241.822603144135
241.822843432884
241.823148366126
241.823544235956
241.824057325377
241.824701856085
241.825456211228
241.82629214796
241.827181423437
241.828095794812
241.829007019241
241.829886853877
241.830707055874
241.831439382388
241.832055597726
241.832536959142
241.832892930885
241.833138192244
241.833287422507
241.833355300963
241.833356506901
241.83330571961
241.833217618377
241.833106882492
241.832988189718
241.832874193347
241.832771531232
241.832685729064
241.832622312534
241.832586807334
241.832584739154
241.832621633684
241.832703016617
241.832834413643
241.833021347402
241.833265291471
241.833555688188
241.8338797555
241.834224711355
241.834577773701
241.834926160484
241.835257089652
241.835557779153
241.835815446934
241.836017315673
241.83615688577
241.836246311018
241.836301193936
241.836337137045
241.836369742863
241.836414613911
241.836487352706
241.836603561769
241.83677884362
241.837028794904
241.83736122045
241.837760772741
241.838207823755
241.838682745464
241.839165909846
241.839637688873
241.840078454523
241.840468578769
241.840788433587
241.841018396709
241.841146484431
241.841183410017
241.841144083045
241.841043413098
241.840896309754
241.840717682595
241.840522441201
241.840325495153
241.84014175403
241.839986124261
241.839869327825
241.839789653192
241.839743090064
241.839725628145
241.839733257138
241.839761966745
241.839807746671
241.839866586619
241.839934476291
241.840007405248
241.840081173267
241.840151016215
241.840212065698
241.840259453322
241.840288310695
241.840293769423
241.840270961113
241.840215017372
241.840121069806
241.839984251748
241.839801986105
241.839578498947
241.839319274144
241.839029795565
241.838715547081
241.838382012561
241.838034675875
241.837679020893
241.837320531484
241.83696469076
241.836615975313
241.836275870997
241.835945310727
241.835625227417
241.835316553981
241.835020223333
241.834737168387
241.834468322057
241.834214617258
241.833976987211
241.833756774644
241.833556539065
241.833379064948
241.833227136767
241.833103538996
241.833011056108
241.832952472578
241.832930572879
241.832948141486
241.833007959395
241.833108195112
241.833233311744
241.833365238481
241.833485904515
241.833577239036
241.833621171234
241.8335996303
241.833494545425
241.833287845799
241.832961467208
241.832506096908
241.831938425959
241.831279953126
241.830552177172
241.82977659686
241.828974710956
241.828168018221
241.82737801742
241.826626207318
241.825934080773
241.825315296256
241.824760233419
241.824254968014
241.823785575797
241.823338132522
241.822898713944
241.822453395816
241.821988253893
241.82148936393
241.820942806702
241.820341325067
241.819697457366
241.819027401817
241.818347356639
241.81767352005
241.817022090269
241.816409265515
241.815851244006
241.815364223961
241.814964397421
241.814659758475
241.814433942117
241.814266079717
241.814135302647
241.814020742278
241.81390152998
241.813756797124
241.813565675082
241.813307295225
241.812960793615
241.812511531032
241.811963364166
241.811323569314
241.810599422772
241.80979820084
241.808927179812
241.807993635988
241.807004845664
241.805968085137
241.80489063212
241.803781641397
241.802655845219
241.801529007028
241.800416890263
241.799335258364
241.79829987477
241.797326502923
241.796430906261
241.795628848225
241.794936085905
241.794359951381
241.793882742956
241.793482130573
241.793135784175
241.792821373705
241.792516569106
241.79219904032
241.791846457292
241.791436489964
241.79094681426
241.790363043078
241.789694372955
241.788954360678
241.788156563036
241.787314536816
241.786441838807
241.785552025795
241.78465865457
241.78377528192
241.782915461055
241.782088000306
241.781287609224
241.780506390713
241.779736447681
241.77896988303
241.778198799668
241.777415300498
241.776611488426
241.775779466358
241.774911339519
241.774002293698
241.773056668151
241.772080494468
241.771079804242
241.770060629063
241.769029000523
241.767990950213
241.766952509725
241.76591971065
241.764898582868
241.763892886901
241.762899640174
241.761914613414
241.760933577352
241.759952302718
241.75896656024
241.757972120649
241.756964754674
241.755940233044
241.754894328008
241.753824827696
241.752735510155
241.751631260876
241.750516965349
241.749397509066
241.748277777516
241.747162656191
241.74605703058
241.744965786175
241.743893806101
241.742842833315
241.741805280206
241.740771834082
241.73973318225
241.738680012018
241.737603010695
241.736492865588
241.735340264005
241.734135893254
241.73287044459
241.731539846043
241.73015558602
241.728732029796
241.72728354265
241.72582448986
241.724369236703
241.722932148457
241.721527590399
241.720169927807
241.71887352154
241.717646868511
241.716481041715
241.715363892733
241.714283273148
241.713227034541
241.712183028492
241.711139106585
241.710083120399
241.709002921517
241.70788636425
241.706724924913
241.705520842121
241.70427834427
241.703001659757
241.701695016977
241.700362644327
241.699008770204
241.697637623005
241.696253431124
241.694860422461
241.693462162836
241.6920602508
241.690655921185
241.689250408825
241.687844948552
241.686440775198
241.685039123598
241.683641228583
241.682248324985
241.680861646906
241.679481454742
241.678105115679
241.676729461989
241.675351325944
241.673967539816
241.672574935879
241.671170346405
241.669750603665
241.668312539934
241.666852988916
241.665370687194
241.663870025483
241.662356439859
241.6608353664
241.659312241183
241.657792500285
241.656281579784
241.654784915757
241.65330794428
241.651856099429
241.65043215848
241.64903100439
241.647646060576
241.646270750457
241.644898497452
241.64352272498
241.642136856459
241.640734315309
241.639308524946
241.637852909366
241.636361654884
241.634831212959
241.633258453839
241.631640247773
241.629973465009
241.628254975794
241.626481650378
241.624650359009
241.622757971935
241.620801362108
241.618780990985
241.616707982776
241.614595433069
241.612456437452
241.610304091514
241.608151490843
241.606011731027
241.603897907655
241.601823116315
241.599800450204
241.597839829177
241.595941743939
241.594104941887
241.59232817042
241.590610176936
241.588949708835
241.587345513513
241.585796338371
241.584300930805
241.582858036077
241.581463561306
241.580104980469
241.578768208384
241.577439159869
241.576103749741
241.574747892819
241.57335750392
241.571918497862
241.570416789463
241.568838297488
241.567174177598
241.565431146184
241.563618796577
241.561746722105
241.5598245161
241.557861771891
241.555868082808
241.553853042182
241.551826243341
241.549797278971
241.547774883301
241.545765239794
241.543774060309
241.541807056711
241.53986994086
241.537968424618
241.536108219848
241.534295038412
241.532534592171
241.530832587629
241.529187620196
241.527577155641
241.525974753186
241.524353972052
241.522688371462
241.520951510637
241.5191169488
241.517158245172
241.515048958976
241.512762662515
241.510290287914
241.507674349641
241.504966898946
241.50221998708
241.499485665293
241.496815984833
241.494262996952
241.4918787529
241.489715303926
241.487824683312
241.486235079149
241.484903826795
241.483775162028
241.482793320626
241.481902538368
241.48104705103
241.48017109439
241.479218904228
241.478134716319
241.476862781238
241.475366982492
241.47366954018
241.471803459941
241.469801747414
241.467697408237
241.465523448048
241.463312872486
241.461098687189
241.458913897796
241.456791502734
241.454754931884
241.452799183486
241.450913999208
241.449089120718
241.447314289686
241.445579247779
241.443873736667
241.442187498016
241.440510273497
241.438831807824
241.437145889972
241.435458325878
241.433777143229
241.432110369713
241.430466033019
241.428852160834
241.427276780847
241.425747920745
241.424273608216
241.422861867969
241.421516770227
241.420230635003
241.418993609877
241.417795842429
241.416627480237
241.415478670883
241.414339561945
241.413200301003
241.412051035637
241.410881916299
241.409686905119
241.408471290109
241.407242453262
241.406007776572
241.404774642032
241.403550431634
241.402342527373
241.401158311242
241.400005165234
241.398890469833
241.397819602295
241.39679198756
241.395805950073
241.394859814283
241.393951904636
241.39308054558
241.392244061561
241.391440777027
241.390669016425
241.389927104367
241.389213585699
241.388527659652
241.387868646445
241.387235866296
241.386628639424
241.386046286046
241.385488126382
241.384953480649
241.384441669066
241.383952012697
241.383484954908
241.383044273831
241.382634364146
241.382259620532
241.381924437669
241.381633210236
241.381390332912
241.381200200378
241.381067207311
241.380995745844
241.380986825669
241.381031406023
241.38111858797
241.381237472575
241.3813771609
241.381526754011
241.38167535297
241.381812058841
241.381925972688
241.382006200926
241.382048949417
241.382071519078
241.382095110973
241.382140926169
241.38223016573
241.382384030721
241.382623722209
241.382970441258
241.383445388935
241.384069758452
241.384854324662
241.385778905665
241.386817596136
241.38794449075
241.389133684181
241.390359271104
241.391595346194
241.392816004125
241.393995339573
241.395107452265
241.396133148934
241.397073165261
241.397931921481
241.398713837831
241.399423334546
241.400064831861
241.400642750014
241.40116150924
241.401625529775
241.402039232488
241.402407879601
241.40273923329
241.403041517938
241.403322957926
241.403591777636
241.40385620145
241.404124453749
241.404404758914
241.404705341328
241.405034423782
241.405398118663
241.405796267579
241.406227552767
241.406690656464
241.407184260909
241.407707048339
241.408257700991
241.408834901103
241.409437330912
241.410063671383
241.410710914747
241.411371035395
241.412035079995
241.412694095216
241.413339127726
241.413961224193
241.414551431286
241.415100795674
241.415600364025
241.416041186687
241.416419198349
241.416744846841
241.417031263252
241.417291578671
241.417538924187
241.417786430888
241.418047229863
241.4183344522
241.418661228989
241.419040687868
241.419481377857
241.419978243241
241.420523712996
241.421110216099
241.421730181526
241.422376038255
241.423040215262
241.423715141524
241.424393246018
241.425066958841
241.425730197221
241.426381297194
241.427019411763
241.427643693933
241.428253296707
241.428847373091
241.429425076088
241.429985558702
241.430527973938
241.431051475768
241.431556502257
241.432047306982
241.432528848951
241.43300608717
241.433483980644
241.433967488381
241.434461569386
241.434971182667
241.435501287229
241.436056840088
241.436640155752
241.437245696876
241.437866474432
241.438495499389
241.439125782717
241.439750335387
241.440362168368
241.44095429263
241.441519719145
241.442051460879
241.442545181736
241.443004422512
241.44343418032
241.443839452275
241.444225235488
241.444596527073
241.444958324143
241.445315623811
241.445673423191
241.446036718396
241.446409179305
241.446790535076
241.447179786286
241.447575933512
241.447977977331
241.448384918321
241.448795757059
241.449209494123
241.44962513009
241.450041665704
241.450458322748
