231.15
231.107141346739
231.064282716191
231.021424131068
230.978565614084
230.935707187952
230.892848875383
230.849990699092
230.807132681791
230.764274846192
230.721417215009
230.678559810954
230.63570265674
230.592845775081
230.549989188688
230.507132920275
230.464276992555
230.42142142824
230.378566250044
230.335711480679
230.292857142857
230.25000323658
230.207149670995
230.164296332538
230.121443107646
230.078589882754
230.035736544297
229.992882978713
229.950029072435
229.907174711901
229.864319783546
229.821464173805
229.778607769115
229.735750455912
229.692892120631
229.650032649707
229.607171929578
229.564309846678
229.521446287444
229.47858113831
229.435714285714
229.392845706942
229.349975742687
229.307104824492
229.264233383903
229.221361852461
229.178490661713
229.135620243201
229.092751028469
229.049883449062
229.007017936523
228.964154922397
228.921294838227
228.878438115558
228.835585185932
228.792736480895
228.74989243199
228.707053470761
228.664220028753
228.621392537508
228.578571428571
228.535756792794
228.492947358257
228.450141512349
228.407337642458
228.364534135972
228.32172938028
228.27892176277
228.236109670831
228.193291491851
228.150465613218
228.107630422321
228.064784306547
228.021925653286
227.979052849926
227.936164283855
227.893258342461
227.850333413133
227.80738788326
227.764420140229
227.721428571429
227.678412836167
227.635377681427
227.592329126111
227.549273189123
227.506215889364
227.463163245738
227.420121277146
227.377096002491
227.334093440677
227.291119610605
227.248180531177
227.205282221298
227.162430699869
227.119631985792
227.076892097971
227.034217055308
226.991612876705
226.949085581066
226.906641187291
226.864285714286
226.822020433967
226.779827630321
226.737684840348
226.69556960105
226.653459449428
226.611331922483
226.569164557217
226.526934890632
226.484620459728
226.442198801506
226.399647452969
226.356943951118
226.314065832953
226.270990635476
226.227695895689
226.184159150593
226.140357937189
226.096269792478
226.051872253462
226.007142857143
225.962076856536
225.916740368719
225.871217226783
225.825591263821
225.779946312925
225.734366207187
225.688934779699
225.643735863553
225.598853291841
225.554370897656
225.510372514088
225.466941974231
225.424163111177
225.382119758017
225.340895747844
225.300574913749
225.261241088826
225.222978106165
225.185869798859
225.15
225.115424602943
225.082087742095
225.049905612126
225.018794407705
224.988670323502
224.959449554187
224.93104829443
224.9033827389
224.876369082267
224.849923519202
224.823962244372
224.79840145245
224.773157338103
224.748146096002
224.723283920817
224.698487007218
224.673671549873
224.648753743454
224.623649782629
224.598275862069
224.572565864696
224.546524426447
224.520173871511
224.493536524078
224.466634708337
224.439490748478
224.412126968689
224.384565693162
224.356829246084
224.328939951647
224.300920134038
224.272792117448
224.244578226066
224.216300784082
224.187982115685
224.159644545064
224.13131039641
224.103001993911
224.074741661757
224.046551724138
224.018449869307
223.990435241772
223.962502350105
223.93464570288
223.906859808667
223.87913917604
223.851478313571
223.823871729832
223.796313933395
223.768799432833
223.741322736717
223.71387835362
223.686460792115
223.659064560773
223.631684168168
223.60431412287
223.576948933453
223.549583108489
223.522211156549
223.494827586207
223.467427761526
223.440010468535
223.412575348758
223.385122043714
223.357650194925
223.330159443912
223.302649432198
223.275119801303
223.247570192749
223.220000248057
223.192409608749
223.164797916346
223.13716481237
223.109509938341
223.081832935782
223.054133446214
223.026411111158
222.998665572135
222.970896470667
222.943103448276
222.915287360453
222.887453918569
222.859610047968
222.83176267399
222.803918721979
222.776085117276
222.748268785223
222.720476651162
222.692715640436
222.664992678386
222.637314690354
222.609688601684
222.582121337715
222.554619823792
222.527190985255
222.499841747447
222.47257903571
222.445409775386
222.418340891817
222.391379310345
222.36452624494
222.337760064085
222.311053424889
222.284378984464
222.257709399919
222.231017328364
222.204275426911
222.177456352669
222.150532762749
222.123477314261
222.096262664316
222.068861470023
222.041246388493
222.013390076836
221.985265192163
221.956844391584
221.928100332209
221.899005671149
221.869533065514
221.839655172414
221.809366280477
221.778747204403
221.747900390407
221.716928284707
221.685933333519
221.65501798306
221.624284679546
221.593835869195
221.563773998222
221.534201512845
221.505220859279
221.476934483743
221.449444832452
221.422854351623
221.397265487472
221.372780686217
221.349502394074
221.327533057259
221.30697512199
221.287931034483
221.270474150393
221.254561463132
221.240120875552
221.227080290502
221.215367610833
221.204910739396
221.195637579042
221.187476032621
221.180354002983
221.174199392981
221.168940105463
221.164504043281
221.160819109286
221.157813206329
221.155414237259
221.153550104927
221.152148712185
221.151137961882
221.150445756871
221.15
221.149737117951
221.149627632723
221.149650590144
221.149785036044
221.150010016253
221.150304576597
221.150647762908
221.151018621013
221.151396196741
221.151759535923
221.152087684385
221.152359687959
221.152554592471
221.152651443753
221.152629287631
221.152467169936
221.152144136497
221.151639233142
221.1509315057
221.15
221.148835998493
221.147479730115
221.145983660423
221.144400254975
221.142781979329
221.141181299042
221.139650679672
221.138242586777
221.137009485913
221.136003842639
221.135278122513
221.134884791091
221.134876313931
221.135305156592
221.13622378463
221.137684663603
221.139740259069
221.142443036585
221.14584546171
221.15
221.154918888077
221.160453446818
221.166414768163
221.172613944054
221.17886206643
221.184970227233
221.190749518402
221.19601103188
221.200565859605
221.20422509352
221.206799825564
221.208101147679
221.207940151804
221.206127929881
221.20247557385
221.196794175652
221.188894827227
221.178588620516
221.165686647461
221.15
221.131405115865
221.110039815946
221.086107266923
221.059810635476
221.031353088284
221.000937792026
220.968767913384
220.935046619037
220.899977075665
220.863762449947
220.826605908564
220.788710618194
220.750279745519
220.711516457218
220.67262391997
220.633805300457
220.595263765356
220.557202481349
220.519824615115
220.483333333333
220.447877315128
220.413387289396
220.379739497476
220.34681018071
220.314475580436
220.282611937995
220.251095494726
220.219802491971
220.188609171068
220.157391773358
220.126026540181
220.094389712877
220.062357532786
220.029806241247
219.996612079602
219.962651289189
219.927800111349
219.891934787422
219.854931558748
219.816666666667
219.777085623622
219.73641102647
219.694934743171
219.652948641686
219.610744589974
219.568614455995
219.526850107711
219.48574341308
219.445586240063
219.40667045662
219.369287930712
219.333730530298
219.300290123338
219.269258577793
219.240927761623
219.215589542788
219.193535789248
219.175058368963
219.160449149894
219.15
219.143905190385
219.141968604725
219.143896529839
219.149395252548
219.158171059669
219.169930238024
219.184379074431
219.20122385571
219.22017086868
219.240926400161
219.263196736971
219.286688165932
219.311106973861
219.336159447579
219.361551873905
219.386990539658
219.412181731658
219.436831736724
219.460646841676
219.483333333333
219.504668614839
219.524714554631
219.543604137472
219.561470348124
219.578446171349
219.594664591908
219.610258594565
219.625361164081
219.640105285217
219.654623942737
219.669050121403
219.683516805975
219.698156981217
219.713103631891
219.728489742758
219.74444829858
219.76111228412
219.77861468414
219.797088483401
219.816666666667
219.83742035026
219.859173176751
219.881686920272
219.904723354957
219.928044254936
219.951411394343
219.974586547309
219.997331487968
220.01940799045
220.040577828889
220.060602777418
220.079244610167
220.09626510127
220.111426024858
220.124489155065
220.135216266022
220.143369131862
220.148709526716
220.150999224718
220.15
220.145550625148
220.137797866571
220.126965489131
220.113277257691
220.096956937113
220.078228292259
220.057315087993
220.034441089177
220.009830060674
219.983705767345
219.956291974055
219.927812445664
219.898490947037
219.868551243035
219.838217098521
219.807712278357
219.777260547407
219.747085670533
219.717411412597
219.688461538462
219.660412405557
219.633250741579
219.606915866792
219.581347101459
219.556483765844
219.532265180209
219.50863066482
219.485519539938
219.462871125829
219.440624742754
219.418719710979
219.397095350765
219.375690982378
219.354445926079
219.333299502134
219.312191030805
219.291059832356
219.26984522705
219.248486535151
219.226923076923
219.205107444932
219.183045320958
219.160755659085
219.138257413396
219.115569537974
219.092710986903
219.069700714266
219.046557674146
219.023300820627
218.999949107791
218.976521489723
218.953036920505
218.929514354222
218.905972744955
218.882431046789
218.858908213807
218.835423200092
218.811994959728
218.788642446798
218.765384615385
218.742234737792
218.719183359203
218.696215343021
218.673315552649
218.65046885149
218.627660102947
218.604874170424
218.582095917324
218.55931020705
218.536501903004
218.513655868591
218.490756967214
218.467790062274
218.444740017177
218.421591695324
218.39832996012
218.374939674967
218.351405703268
218.327712908427
218.303846153846
218.279799757746
218.255605857614
218.231306045755
218.20694191447
218.182555056066
218.158187062846
218.133879527114
218.109674041173
218.085612197328
218.061735587884
218.038085805143
218.01470444141
217.991633088988
217.968913340183
217.946586787298
217.924695022636
217.903279638502
217.8823822272
217.862044381034
217.842307692308
217.823181615838
217.804547056493
217.786252781653
217.7681475587
217.750080155014
217.731899337976
217.713453874967
217.694592533368
217.67516408056
217.655017283922
217.634000910838
217.611963728686
217.588754504848
217.564222006706
217.538215001639
217.510582257028
217.481172540255
217.4498346187
217.416417259745
217.380769230769
217.34279349044
217.302609762568
217.260391962247
217.216314004575
217.170549804646
217.123273277556
217.074658338401
217.024878902277
216.974108884279
216.922522199503
216.870292763045
216.81759449
216.764601295464
216.711487094532
216.658425802301
216.605591333866
216.553157604323
216.501298528767
216.450188022294
216.4
216.350900260313
216.303022134995
216.256490839137
216.211431587835
216.167969596182
216.126230079271
216.086338252196
216.04841933005
216.012598527927
215.979001060921
215.947752144125
215.918976992633
215.892800821538
215.869348845934
215.848746280914
215.831118341572
215.816590243002
215.805287200297
215.797334428551
215.792857142857
215.791912130395
215.794282466685
215.799682799335
215.807827775952
215.818432044142
215.831210251513
215.845877045672
215.862147074226
215.87973498478
215.898355424944
215.917723042322
215.937552484523
215.957558399154
215.97745543382
215.99695823613
216.01578145369
216.033639734107
216.050247724989
216.065320073941
216.078571428571
216.089781548108
216.098990638266
216.10630401638
216.111826999786
216.11566490582
216.117923051818
216.118706755115
216.118121333048
216.116272102951
216.113264382162
216.109203488014
216.104194737845
216.09834344899
216.091754938785
216.084534524565
216.076787523667
216.068619253425
216.060135031176
216.051440174256
216.042642545349
215.977258917061
215.913488848299
215.851701574651
215.792266331707
215.735552355055
215.681928880286
215.631765142988
215.58543037875
215.543293823163
215.505724711814
215.473092280294
215.445765764192
215.424114399096
215.408507420597
215.399313829626
215.396662450212
215.399988995511
215.40860489152
215.421821564231
215.438950439641
215.459302943742
215.482190502531
215.506924542002
215.532816488149
215.559177766967
215.585319804451
215.610554026595
215.634191859394
215.655544728843
215.673924060936
215.688641281667
215.699007817033
215.704516090908
215.70573191833
215.703615297341
215.699126829857
215.693227117791
215.68687676306
215.681036367578
215.676666533261
215.674727862024
215.676180955783
215.681986416451
215.693104845946
215.71049684618
215.735123019071
215.767943966533
215.809920290481
215.861944820556
215.923855036133
215.994654363776
216.073323487059
216.158843089553
216.250193854831
216.346356466464
216.446311608026
216.549039963089
216.653522215224
216.758739048005
216.863671145004
216.967299189793
217.068603865943
217.166565857029
217.260167915256
217.348737291241
217.432328122161
217.511086738541
217.585159470908
217.654692649785
217.7198326057
217.780725669178
217.837518170744
217.890356440924
217.939386810244
217.98475560923
218.026609168407
218.0650938183
218.100355889435
218.132589378616
218.162463541307
218.190920534734
218.218905764226
218.247364635113
218.277242552727
218.309484922397
218.345037149453
218.384844639226
218.429852797047
218.481007028244
218.539252738149
218.605535332093
218.680800215
218.765576354523
218.858776193681
218.958919988897
219.064527996598
219.174120473207
219.286217675149
219.399339858849
219.512007280733
219.622740197224
219.730058864747
219.832483539728
219.928534478591
220.016732276365
220.096429269441
220.169598767793
220.238729057585
220.306308424982
220.374825156148
220.446767537249
220.524623854449
220.610882393912
220.708031441804
220.81855928429
220.944954207533
221.089704497699
221.254654675286
221.437831468185
221.635859590729
221.845361609416
222.062960090746
222.28527760122
222.508936707338
222.7305599756
222.946769972505
223.154189264553
223.349440418245
223.529179565775
223.691983394207
223.839352959927
223.973034841484
224.094775617428
224.206321866305
224.309420166666
224.405817097058
224.497259236031
224.585493162132
224.672265453911
224.759308813315
224.847947201216
224.939038846263
225.033416641366
225.131913479436
225.235362253381
225.344595856113
225.460447180539
225.583749119571
225.715334566117
225.856032565147
226.0056034847
226.161285222967
226.319951886816
226.478477583113
226.633736418726
226.782602500523
226.921949935371
227.048652830138
227.15958529169
227.251787028191
227.3264896264
227.389341090936
227.446199973891
227.502924827363
227.565374203445
227.639406654233
227.730880731823
227.845654988309
227.989530989935
228.164538440555
228.366648290419
228.591284670458
228.833871711601
229.089833544779
229.354594300922
229.623578110959
229.892209105822
230.156112885208
230.413229016717
230.662976711873
230.904799254919
231.138139930096
231.362442021647
231.577148813814
231.781703590839
231.975603104878
232.159573870067
232.335572162526
232.505607726286
232.67169030538
232.835829643838
233.000035485693
233.166317574977
233.336529900236
233.511375319638
233.691040751305
233.875710679684
234.065569589217
234.260801964349
234.461592289524
234.668196342323
234.882365336309
235.107269890167
235.346136696561
235.602192448155
235.878663837615
236.178777557605
236.504936094353
236.849356963436
237.19738829306
237.53424953469
237.845160139788
238.115339559817
238.330029499465
238.482862867313
238.588436499558
238.66456734342
238.729072346116
238.799768454867
238.894472354503
239.026390071875
239.192367039865
239.385621458489
239.599371527764
239.826835447704
240.061262790656
240.299348216426
240.54429633623
240.800035067006
241.070492325691
241.359596029222
241.669666898188
241.99114746766
242.309156434805
242.608787384344
242.875133901001
243.094333844535
243.26591938076
243.398699794637
243.50167022965
243.58382582928
243.653407590674
243.712710541494
243.761211694688
243.798371141664
243.823653301749
243.837724574537
243.844088474271
243.846657684681
243.849344889497
243.855412112229
243.864015714375
243.872715006422
243.87906572308
243.880930006004
243.878836872174
243.874688495645
243.87039839888
243.867649928863
243.866842815464
243.867931989329
243.870871178606
243.875511270929
243.881497849747
243.888452113573
243.895928318372
243.902969772581
243.908384279968
243.910995258111
243.909949955635
243.904687350332
243.894499237314
243.874485642865
243.835213502438
243.767803262765
243.676546535367
243.576704917606
243.481735512123
243.390724285986
243.296870770004
243.197636574918
243.099028546848
243.005487720633
242.902381636356
242.767609467124
242.603879947623
242.438584863657
242.289153715359
242.155274879824
242.034717939786
241.924650372217
241.821096121697
241.718277041559
241.607693057174
241.484239361645
241.391250598149
241.351303464868
241.278630107728
241.204507075163
241.229060235499
241.361898641173
241.610722686686
241.858278043783
241.967004544372
242.05
242.224430083801
242.38
242.491007091777
242.578140659341
242.46207691876
242.1096388514
241.796442306367
241.531253265977
241.111566758982
241.010681596779
240.897789103407
241.415805002587
241.198660350361
240.972901079327
241.457975271184
