3010
3009.94000000001
3009.88000000001
3009.82000000002
3009.76000000003
3009.70000000003
3009.64000000004
3009.58000000004
3009.52000000005
3009.46000000005
3009.40000000006
3009.34000000006
3009.28000000007
3009.22000000007
3009.16000000007
3009.10000000007
3009.04000000007
3008.98000000008
3008.92000000008
3008.86000000007
3008.80000000007
3008.74000000007
3008.68000000007
3008.62000000006
3008.56000000006
3008.50000000005
3008.44000000004
3008.38000000003
3008.32000000002
3008.26000000001
3008.2
3008.13999999999
3008.07999999997
3008.01999999996
3007.95999999994
3007.89999999992
3007.83999999991
3007.77999999989
3007.71999999987
3007.65999999986
3007.59999999984
3007.53999999982
3007.47999999981
3007.4199999998
3007.35999999979
3007.29999999978
3007.23999999977
3007.17999999977
3007.11999999976
3007.05999999976
3006.99999999977
3006.93999999977
3006.87999999978
3006.8199999998
3006.75999999981
3006.69999999983
3006.63999999986
3006.57999999988
3006.51999999992
3006.45999999996
3006.4
3006.34000000005
3006.2800000001
3006.22000000016
3006.16000000022
3006.10000000028
3006.04000000034
3005.9800000004
3005.92000000046
3005.86000000052
3005.80000000058
3005.74000000064
3005.68000000069
3005.62000000074
3005.56000000078
3005.50000000081
3005.44000000084
3005.38000000086
3005.32000000087
3005.26000000087
3005.20000000086
3005.14000000084
3005.0800000008
3005.02000000076
3004.9600000007
3004.90000000062
3004.84000000053
3004.78000000043
3004.7200000003
3004.66000000016
3004.6
3004.53999999982
3004.47999999962
3004.41999999941
3004.35999999919
3004.29999999897
3004.23999999874
3004.1799999985
3004.11999999827
3004.05999999805
3003.99999999783
3003.93999999762
3003.87999999743
3003.81999999726
3003.75999999711
3003.69999999698
3003.63999999687
3003.5799999968
3003.51999999676
3003.45999999676
3003.3999999968
3003.33999999687
3003.279999997
3003.21999999717
3003.1599999974
3003.09999999767
3003.03999999801
3002.97999999841
3002.91999999887
3002.8599999994
3002.8
3002.74000000067
3002.6800000014
3002.62000000219
3002.56000000301
3002.50000000386
3002.44000000472
3002.38000000559
3002.32000000645
3002.26000000729
3002.2000000081
3002.14000000887
3002.08000000958
3002.02000001023
3001.9600000108
3001.90000001128
3001.84000001166
3001.78000001193
3001.72000001208
3001.66000001209
3001.60000001196
3001.54000001166
3001.4800000112
3001.42000001056
3001.36000000972
3001.30000000868
3001.24000000742
3001.18000000594
3001.12000000421
3001.06000000224
3001
3000.9399999975
3000.87999999476
3000.81999999184
3000.75999998878
3000.69999998561
3000.63999998239
3000.57999997915
3000.51999997594
3000.4599999728
3000.39999996978
3000.33999996691
3000.27999996425
3000.21999996183
3000.1599999597
3000.0999999579
3000.03999995647
2999.97999995546
2999.91999995491
2999.85999995487
2999.79999995537
2999.73999995647
2999.67999995819
2999.6199999606
2999.55999996372
2999.49999996761
2999.4399999723
2999.37999997784
2999.31999998428
2999.25999999165
2999.2
2999.14000000934
2999.08000001954
2999.02000003044
2998.96000004188
2998.90000005369
2998.84000006573
2998.78000007781
2998.72000008979
2998.66000010151
2998.60000011279
2998.54000012348
2998.48000013342
2998.42000014245
2998.36000015041
2998.30000015713
2998.24000016245
2998.18000016621
2998.12000016826
2998.06000016842
2998.00000016655
2997.94000016247
2997.88000015602
2997.82000014705
2997.7600001354
2997.70000012089
2997.64000010338
2997.58000008269
2997.52000005868
2997.46000003116
2997.4
2997.33999996515
2997.27999992708
2997.2199998864
2997.15999984371
2997.09999979961
2997.03999975471
2996.9799997096
2996.91999966489
2996.85999962118
2996.79999957907
2996.73999953916
2996.67999950205
2996.61999946836
2996.55999943867
2996.49999941359
2996.43999939373
2996.37999937968
2996.31999937205
2996.25999937143
2996.19999937844
2996.13999939366
2996.07999941771
2996.01999945119
2995.95999949469
2995.89999954883
2995.83999961419
2995.77999969139
2995.71999978102
2995.65999988369
2995.6
2995.54000013007
2995.48000027214
2995.42000042396
2995.36000058328
2995.30000074786
2995.24000091544
2995.18000108379
2995.12000125066
2995.06000141379
2995.00000157095
2994.94000171989
2994.88000185836
2994.82000198411
2994.76000209491
2994.7000021885
2994.64000226263
2994.58000231507
2994.52000234355
2994.46000234585
2994.40000231971
2994.34000226288
2994.28000217313
2994.22000204819
2994.16000188583
2994.10000168381
2994.04000143986
2993.98000115176
2993.92000081724
2993.86000043407
2993.8
2993.73999951455
2993.67999898434
2993.61999841775
2993.55999782316
2993.49999720896
2993.43999658352
2993.37999595524
2993.31999533249
2993.25999472366
2993.19999413713
2993.13999358129
2993.07999306451
2993.01999259519
2992.95999218169
2992.89999183242
2992.83999155575
2992.77999136006
2992.71999125374
2992.65999124517
2992.59999134273
2992.53999155481
2992.47999188979
2992.41999235605
2992.35999296198
2992.29999371595
2992.23999462636
2992.17999570159
2992.11999695002
2992.05999838003
2992
2991.94000181171
2991.88000379048
2991.82000590503
2991.76000812407
2991.70001041631
2991.64001275047
2991.58001509526
2991.52001741939
2991.46001969157
2991.40002188053
2991.34002395496
2991.2800258836
2991.22002763515
2991.16002917831
2991.10003048182
2991.04003151438
2990.9800322447
2990.9200326415
2990.86003267348
2990.80003230938
2990.74003151789
2990.68003026773
2990.62002852762
2990.56002626626
2990.50002345238
2990.44002005468
2990.38001604188
2990.32001138269
2990.26000604582
2990.2
2990.1399932386
2990.07998585372
2990.01997796211
2989.95996968055
2989.89996112579
2989.8399524146
2989.77994366374
2989.71993498997
2989.65992651006
2989.59991834076
2989.53991059885
2989.47990340109
2989.41989686423
2989.35989110505
2989.29988624029
2989.23988238674
2989.17987966115
2989.11987818028
2989.05987806089
2988.99987941976
2988.93988237364
2988.87988703929
2988.81989353348
2988.75990197298
2988.69991247454
2988.63992515492
2988.5799401309
2988.51995751923
2988.45997743667
2988.4
2988.34002523388
2988.28005279464
2988.22008224651
2988.16011315372
2988.10014508052
2988.04017759113
2987.98021024979
2987.92024262074
2987.8602742682
2987.80030475642
2987.74033364962
2987.68036051205
2987.62038490793
2987.5604064015
2987.500424557
2987.44043893866
2987.38044911071
2987.3204546374
2987.26045508294
2987.20045001159
2987.14043898756
2987.08042157511
2987.02039733845
2986.96036584183
2986.90032664948
2986.84027932564
2986.78022343453
2986.7201585404
2986.66008420748
2986.6
2986.53990582587
2986.47980296773
2986.41969305185
2986.35957770455
2986.29945855213
2986.23933722088
2986.17921533709
2986.11909452708
2986.05897641714
2985.99886263357
2985.93875480266
2985.87865455073
2985.81856350405
2985.75848328894
2985.6984155317
2985.63836185862
2985.578323896
2985.51830327014
2985.45830160734
2985.3983205339
2985.33836167611
2985.27842666029
2985.21851711271
2985.1586346597
2985.09878092754
2985.03895754253
2984.97916613097
2984.91940831916
2984.85968573341
2984.8
2984.74035146262
2984.68073533446
2984.62114554608
2984.56157602806
2984.50202071096
2984.44247352536
2984.38292840183
2984.32337927093
2984.26382006323
2984.20424470931
2984.14464713972
2984.08502128505
2984.02536107586
2983.96566044272
2983.9059133162
2983.84611362687
2983.7862553053
2983.72633228206
2983.66633848771
2983.60626785283
2983.54611430799
2983.48587178375
2983.42553421069
2983.36509551937
2983.30454964037
2983.24389050425
2983.18311204159
2983.12220818294
2983.06117285889
2983
2982.93868832365
2982.87725569445
2982.81572476383
2982.75411818321
2982.69245860402
2982.63076867767
2982.56907105559
2982.50738838921
2982.44574332994
2982.38415852921
2982.32265663845
2982.26126030907
2982.1999921925
2982.13887494017
2982.07793120349
2982.0171836339
2981.9566548828
2981.89636760164
2981.83634444182
2981.77660805478
2981.71718109193
2981.65808620471
2981.59934604452
2981.5409832628
2981.48302051098
2981.42548044046
2981.36838570268
2981.31175894907
2981.25562283103
2981.2
2981.14491746501
2981.09041966552
2981.03655539859
2980.98337346132
2980.93092265075
2980.87925176396
2980.82840959803
2980.77844495003
2980.72940661702
2980.68134339608
2980.63430408427
2980.58833747867
2980.54349237635
2980.49981757438
2980.45736186982
2980.41617405976
2980.37630294126
2980.33779731139
2980.30070596722
2980.26507770583
2980.23096132428
2980.19840561965
2980.167459389
2980.13817142941
2980.11059053794
2980.08476551168
2980.06074514768
2980.03857824302
2980.01831359477
2980
2979.98366403854
2979.96924342126
2979.95665364179
2979.94581019375
2979.93662857077
2979.92902426647
2979.92291277449
2979.91820958845
2979.91483020198
2979.91269010871
2979.91170480226
2979.91178977625
2979.91286052433
2979.91483254011
2979.91762131722
2979.92114234928
2979.92531112993
2979.9300431528
2979.9352539115
2979.94085889967
2979.94677361094
2979.95291353892
2979.95919417725
2979.96553101956
2979.97183955947
2979.97803529061
2979.98403370661
2979.98975030108
2979.99510056767
2980
2980.00438193638
2980.00825109388
2980.01163003425
2980.01454131925
2980.01700751063
2980.01905117014
2980.02069485955
2980.0219611406
2980.02287257504
2980.02345172464
2980.02372115115
2980.02370341631
2980.02342108189
2980.02289670964
2980.02215286132
2980.02121209867
2980.02009698345
2980.01883007741
2980.01743394232
2980.01593113992
2980.01434423197
2980.01269578022
2980.01100834643
2980.00930449234
2980.00760677972
2980.00593777033
2980.0043200259
2980.0027761082
2980.00132857898
2980
2979.99880821594
2979.99775220323
2979.99682622122
2979.99602452926
2979.99534138673
2979.99477105296
2979.99430778732
2979.99394584916
2979.99367949784
2979.99350299272
2979.99341059315
2979.99339655849
2979.9934551481
2979.99358062132
2979.99376723752
2979.99400925605
2979.99430093628
2979.99463653755
2979.99501031922
2979.99541654064
2979.99584946119
2979.9963033402
2979.99677243704
2979.99725101107
2979.99773332163
2979.99821362809
2979.9986861898
2979.99914526612
2979.9995851164
2980
2980.00038519986
2980.00074009321
2980.00106508088
2980.0013605637
2980.00162694247
2980.00186461802
2980.00207399118
2980.00225546276
2980.00240943358
2980.00253630447
2980.00263647624
2980.00271034972
2980.00275832573
2980.00278080508
2980.00277818861
2980.00275087712
2980.00269927145
2980.0026237724
2980.00252478082
2980.0024026975
2980.00225792328
2980.00209085897
2980.0019019054
2980.00169146339
2980.00145993376
2980.00120771733
2980.00093521491
2980.00064282734
2980.00033095543
2980
2979.99965098463
2979.99928742393
2979.99891345525
2979.99853321595
2979.9981508434
2979.99777047495
2979.99739624797
2979.99703229981
2979.99668276784
2979.99635178941
2979.99604350189
2979.99576204263
2979.995511549
2979.99529615836
2979.99512000806
2979.99498723546
2979.99490197794
2979.99486837284
2979.99489055752
2979.99497266936
2979.9951188457
2979.9953332239
2979.99561994134
2979.99598313536
2979.99642694333
2979.99695550261
2979.99757295055
2979.99828342453
2979.99909106189
2980
2980.00101086162
2980.00211021108
2980.00328109813
2980.0045065725
2980.00576968393
2980.00705348217
2980.00834101694
2980.009615338
2980.01085949506
2980.01205653789
2980.0131895162
2980.01424147975
2980.01519547827
2980.01603456149
2980.01674177917
2980.01730018102
2980.0176928168
2980.01790273625
2980.01791298909
2980.01770662507
2980.01726669393
2980.01657624541
2980.01561832924
2980.01437599516
2980.01283229292
2980.01097027224
2980.00877298287
2980.00622347455
2980.00330479701
2980
2979.99630556891
2979.99227173176
2979.98796215225
2979.98344049406
2979.97877042087
2979.97401559638
2979.96923968426
2979.96450634821
2979.95987925191
2979.95542205904
2979.9511984333
2979.94727203837
2979.94370653793
2979.94056559567
2979.93791287528
2979.93581204044
2979.93432675485
2979.93352068217
2979.93345748611
2979.93420083035
2979.93581437857
2979.93836179445
2979.9419067417
2979.94651288399
2979.952243885
2979.95916340843
2979.96733511796
2979.97682267727
2979.98768975006
2980
2980.01376686276
2980.02880286188
2980.04487029288
2980.06173145128
2980.07914863259
2980.09688413233
2980.11470024602
2980.13235926917
2980.14962349731
2980.16625522594
2980.18201675059
2980.19667036678
2980.20997837001
2980.22170305582
2980.23160671971
2980.2394516572
2980.24500016381
2980.24801453506
2980.24825706646
2980.24549005354
2980.2394757918
2980.22997657677
2980.21675470396
2980.19957246889
2980.17819216708
2980.15237609405
2980.12188654531
2980.08648581637
2980.04593620276
2980
2979.94862698005
2979.89251682071
2979.83255667622
2979.76963370082
2979.70463504877
2979.6384478743
2979.57195933166
2979.5060565751
2979.44162675886
2979.37955703718
2979.32073456432
2979.26604649452
2979.21637998201
2979.17262218105
2979.13566024589
2979.10638133076
2979.08567258991
2979.07442117759
2979.07351424804
2979.0838389555
2979.10628245423
2979.14173189847
2979.19107444245
2979.25519724044
2979.33498744666
2979.43133221538
2979.54511870082
2979.67723405724
2979.82856543889
2980
2980.19265114296
2980.40853726269
2980.64990300225
2980.91899300469
2981.21805191308
2981.54932437048
2981.91505501993
2982.3174885045
2982.75886946726
2983.24144255124
2983.76745239952
2984.33914365516
2984.9587609612
2985.62854896071
2986.35075229675
2987.12761561237
2987.96138355063
2988.8543007546
2989.80861186732
2990.82656153186
2991.91039439128
2993.06235508863
2994.28468826697
2995.57963856936
2996.94945063886
2998.39636911852
2999.92263865141
3001.53050388058
3003.22220944909
3005
3006.86502770737
3008.81407486927
3010.84283131479
3012.946986873
3015.12223137297
3017.3642546438
3019.66874651454
3022.03139681429
3024.44789537212
3026.9139320171
3029.42519657833
3031.97737888486
3034.56616876579
3037.18725605019
3039.83633056713
3042.5090821457
3045.20120061498
3047.90837580403
3050.62629754195
3053.3506556578
3056.07713998066
3058.80144033962
3061.51924656375
3064.22624848213
3066.91813592384
3069.59059871795
3072.23932669354
3074.8600096797
3077.44833750549
3080
3082.51205284238
3084.98701511207
3087.42877173859
3089.84120765146
3092.22820778021
3094.59365705434
3096.94144040339
3099.27544275686
3101.59954904427
3103.91764419516
3106.23361313902
3108.5513408054
3110.87471212379
3113.20761202373
3115.55392543473
3117.91753728631
3120.30233250798
3122.71219602928
3125.15101277971
3127.6226676888
3130.13104568607
3132.68003170103
3135.2735106632
3137.91536750211
3140.60948714727
3143.3597545282
3146.17005457441
3149.04427221544
3151.9862923808
3155
3158.08676092312
3161.23786468246
3164.44208173085
3167.68818252115
3170.96493750619
3174.26111713884
3177.56549187192
3180.86683215829
3184.15390845079
3187.41549120227
3190.64035086558
3193.81725789355
3196.93498273905
3199.9822958549
3202.94796769396
3205.82076870908
3208.58946935309
3211.24284007885
3213.76965133921
3216.15867358699
3218.39867727506
3220.47843285627
3222.38671078344
3224.11228150943
3225.6439154871
3226.97038316927
3228.0804550088
3228.96290145854
3229.60649297132
3230
3230.13590346513
3230.0215261581
3229.667901338
3229.08606226394
3228.28704219501
3227.28187439031
3226.08159210894
3224.69722860999
3223.13981715256
3221.42039099575
3219.54998339866
3217.53962762039
3215.40035692002
3213.14320455667
3210.77920378942
3208.31938787738
3205.77479007965
3203.15644365531
3200.47538186347
3197.74263796322
3194.96924521367
3192.16623687391
3189.34464620304
3186.51550646015
3183.68985090435
3180.87871279473
3178.09312539038
3175.34412195042
3172.64273573392
3170
3167.42462521636
3164.91603068515
3162.47131291714
3160.08756842308
3157.76189371376
3155.49138529992
3153.27313969233
3151.10425340175
3148.98182293896
3146.90294481471
3144.86471553977
3142.86423162489
3140.89858958086
3138.96488591842
3137.06021714834
3135.18167978139
3133.32637032832
3131.49138529992
3129.67382120692
3127.87077456011
3126.07934187025
3124.29661964809
3122.51970440441
3120.74569264996
3118.97168089551
3117.19476565182
3115.41204342967
3113.6206107398
3111.81756409299
3110
3108.16559566944
3106.31435110131
3104.44684699345
3102.56366404372
3100.66538294996
3098.75258441003
3096.82584912175
3094.88575778299
3092.93289109159
3090.9678297454
3088.99115444227
3087.00344588003
3085.00528475655
3082.99725176966
3080.97992761722
3078.95389299707
3076.91972860706
3074.87801514503
3072.82933330884
3070.77426379632
3068.71338730534
3066.64728453373
3064.57653617934
3062.50172294002
3060.42342551361
3058.34222459797
3056.25870089095
3054.17343509038
3052.08700789411
3050
3047.91289532291
3045.82579064583
3043.73868596874
3041.65158129166
3039.56447661457
3037.47737193748
3035.3902672604
3033.30316258331
3031.21605790622
3029.12895322914
