4.38107995258232e-09
4.37127567779165e-09
4.36148902265487e-09
4.35171997227333e-09
4.34196851170382e-09
4.33223462595874e-09
4.32251830000630e-09
4.31281951877074e-09
4.30313826713255e-09
4.29347452992862e-09
4.28382829195248e-09
4.27419953795451e-09
4.26458825264210e-09
4.25499442067989e-09
4.24541802668997e-09
4.23585905525207e-09
4.22631749090374e-09
4.21679331814059e-09
4.2072865214165e-09
4.19779708514376e-09
4.18832499369333e-09
4.1788702263885e-09
4.16943274255843e-09
4.16001249668526e-09
4.15060944342843e-09
4.14122353762428e-09
4.13185473428555e-09
4.12250298860099e-09
4.11316825593488e-09
4.1038504918266e-09
4.09454965199022e-09
4.085265692314e-09
4.07599856886001e-09
4.06674823786366e-09
4.05751465573329e-09
4.04829777904967e-09
4.03909756456566e-09
4.0299139692057e-09
4.02074695006538e-09
4.01159646441107e-09
4.00246246967942e-09
3.99334494278189e-09
3.98424393773422e-09
3.97515952724367e-09
3.96609178333475e-09
3.95704077735137e-09
3.94800657995891e-09
3.9389892611464e-09
3.92998889022867e-09
3.92100553584849e-09
3.91203926597877e-09
3.90309014792479e-09
3.89415824832638e-09
3.88524363316021e-09
3.876346367742e-09
3.8674665167288e-09
3.85860414412128e-09
3.84975931326604e-09
3.84093208685794e-09
3.83212252694239e-09
3.82333069491772e-09
3.81455658178371e-09
3.80579989992357e-09
3.79706029418517e-09
3.78833741188758e-09
3.7796309028131e-09
3.77094041919959e-09
3.76226561573295e-09
3.75360614953987e-09
3.7449616801808e-09
3.73633186964319e-09
3.72771638233485e-09
3.71911488507761e-09
3.71052704710119e-09
3.70195254003727e-09
3.69339103791379e-09
3.68484221714942e-09
3.6763057565483e-09
3.66778133729499e-09
3.65926864294952e-09
3.65076735944283e-09
3.64227742587012e-09
3.63379978306929e-09
3.62533561456377e-09
3.61688609483115e-09
3.60845238932655e-09
3.6000356545093e-09
3.59163703787268e-09
3.58325767797687e-09
3.57489870448487e-09
3.56656123820162e-09
3.55824639111604e-09
3.54995526644611e-09
3.541688958687e-09
3.53344855366203e-09
3.5252351285766e-09
3.51704975207508e-09
3.50889348430045e-09
3.50076737695683e-09
3.49267247337486e-09
3.48460980857981e-09
3.47657950829872e-09
3.46857809942695e-09
3.46060123692348e-09
3.45264460806737e-09
3.44470393228063e-09
3.43677496099428e-09
3.42885347755705e-09
3.42093529718658e-09
3.41301626696249e-09
3.40509226586105e-09
3.39715920483117e-09
3.38921302691102e-09
3.38124970738527e-09
3.37326525398221e-09
3.36525570711056e-09
3.35721714013548e-09
3.34914565969337e-09
3.34103740604504e-09
3.33288855346682e-09
3.32469531067919e-09
3.31645715653303e-09
3.3081864930352e-09
3.29989884633187e-09
3.29160961717381e-09
3.283334080359e-09
3.27508738476035e-09
3.26688455393276e-09
3.2587404872937e-09
3.25066996187169e-09
3.24268763461687e-09
3.23480804526821e-09
3.22704561977198e-09
3.21941467424623e-09
3.21192941948648e-09
3.20460396600788e-09
3.19745232961965e-09
3.19048843752773e-09
3.18372613496237e-09
3.17717919232731e-09
3.17086131286835e-09
3.16478123154297e-09
3.15892805552448e-09
3.15328609770615e-09
3.14783979338211e-09
3.14257369237643e-09
3.137472451785e-09
3.13252082932374e-09
3.12770367727725e-09
3.12300593704265e-09
3.11841263426351e-09
3.11390887454925e-09
3.10947983977587e-09
3.10511078496391e-09
3.1007870357299e-09
3.09649398630791e-09
3.09221709813761e-09
3.08794189901577e-09
3.083653982808e-09
3.07933900971745e-09
3.07498270710754e-09
3.07057390229473e-09
3.06611358953228e-09
3.06160578564268e-09
3.05705449091086e-09
3.05246368858966e-09
3.0478373444472e-09
3.0431794063558e-09
3.03849380392246e-09
3.03378444816052e-09
3.02905523120234e-09
3.0243100260528e-09
3.01955268638332e-09
3.01478704636629e-09
3.01001692054943e-09
3.00524610377016e-09
3.00047837110942e-09
2.99571747788492e-09
2.99096715968337e-09
2.98623113243168e-09
2.98151309250659e-09
2.97681594250429e-09
2.97213947635114e-09
2.96748271663649e-09
2.96284469097177e-09
2.95822443194516e-09
2.95362097707891e-09
2.94903336878905e-09
2.94446065434767e-09
2.93990188584762e-09
2.93535612016973e-09
2.93082241895242e-09
2.92629984856374e-09
2.92178748007588e-09
2.91728438924202e-09
2.91278965647561e-09
2.90830236683197e-09
2.90382160999228e-09
2.89934648024991e-09
2.89487607649907e-09
2.89040950222574e-09
2.88594600477319e-09
2.88148539172392e-09
2.87702761057808e-09
2.8725726091234e-09
2.86812033543491e-09
2.86367073787475e-09
2.85922376509201e-09
2.85477936602247e-09
2.85033748988848e-09
2.84589808619874e-09
2.84146110474814e-09
2.83702649561763e-09
2.83259420917399e-09
2.82816419606975e-09
2.82373640724301e-09
2.81931079391732e-09
2.81488730760156e-09
2.81046590008976e-09
2.80604652346108e-09
2.8016291300796e-09
2.79721386516211e-09
2.79280164245874e-09
2.78839356301192e-09
2.78399072208919e-09
2.77959420919317e-09
2.77520510807514e-09
2.77082449675213e-09
2.76645344752765e-09
2.76209302701583e-09
2.75774429616911e-09
2.7534083103094e-09
2.74908611916265e-09
2.7447787668969e-09
2.74048729216365e-09
2.73621272814267e-09
2.73195610259015e-09
2.72771843789017e-09
2.72350075110948e-09
2.71930405405559e-09
2.71512935333807e-09
2.71097676778417e-09
2.70684288953244e-09
2.70272344762002e-09
2.69861419269449e-09
2.69451089687256e-09
2.69040935365384e-09
2.68630537788947e-09
2.68219480580526e-09
2.67807349507904e-09
2.67393732497164e-09
2.66978219651152e-09
2.66560403273224e-09
2.66139877896285e-09
2.65716240317041e-09
2.65289089635459e-09
2.64858027299373e-09
2.64422657154206e-09
2.63982585497759e-09
2.63537421140033e-09
2.63086775468023e-09
2.62630588075975e-09
2.62170099695646e-09
2.61706868762479e-09
2.61242444733405e-09
2.60778367980684e-09
2.60316169761784e-09
2.59857372264756e-09
2.59403488728512e-09
2.58956023637469e-09
2.58516472989996e-09
2.58086324640147e-09
2.57667058712183e-09
2.57260148087417e-09
2.56867058962986e-09
2.56489251482153e-09
2.56128180435871e-09
2.5578529603534e-09
2.55462044755405e-09
2.55159870248711e-09
2.54880214330608e-09
2.54624091404969e-09
2.5439081230263e-09
2.5417926900341e-09
2.53988361230526e-09
2.53816995704034e-09
2.5366408543408e-09
2.53528549053533e-09
2.53409310189538e-09
2.53305296873647e-09
2.53215440990168e-09
2.53138677762453e-09
2.53073945276867e-09
2.53020184044216e-09
2.52976336598447e-09
2.52941347132465e-09
2.52914161170933e-09
2.52893725279949e-09
2.52878986813525e-09
2.52868893696789e-09
2.52862394245873e-09
2.52858561304983e-09
2.52856964974475e-09
2.52857299700505e-09
2.52859259969146e-09
2.52862540288393e-09
2.52866835173261e-09
2.52871839133969e-09
2.52877246667221e-09
2.52882752250574e-09
2.52888050339901e-09
2.52892835369948e-09
2.52896801757975e-09
2.52899643910498e-09
2.5290105623312e-09
2.52900733143457e-09
2.5289836908715e-09
2.52893658556978e-09
2.52886296115052e-09
2.52875976418106e-09
2.52862394245873e-09
2.52845422939149e-09
2.52825649557711e-09
2.5280383947976e-09
2.52780757915936e-09
2.52757169867383e-09
2.52733840103203e-09
2.52711533157303e-09
2.5269101334461e-09
2.52673044796664e-09
2.52658391516568e-09
2.526478174533e-09
2.52642086595393e-09
2.52641963083965e-09
2.52648211345143e-09
2.52661596241854e-09
2.52682883245056e-09
2.52712838624388e-09
2.5275222965833e-09
2.52801824863885e-09
2.52862394245873e-09
2.52934122865890e-09
2.53014849744465e-09
2.53101825505933e-09
2.5319229812699e-09
2.53283512493062e-09
2.53372710205722e-09
2.53457129641531e-09
2.53534006262668e-09
2.53600573179698e-09
2.53654061966723e-09
2.53691703729057e-09
2.53710730423369e-09
2.53708376430036e-09
2.53681880377145e-09
2.5362848721532e-09
2.5354545054213e-09
2.53430035174449e-09
2.5327951996671e-09
2.53091200872426e-09
2.52862394245873e-09
2.52591392300943e-09
2.52280314702386e-09
2.51932239255506e-09
2.5155024456045e-09
2.51137406466126e-09
2.50696794827058e-09
2.50231470564038e-09
2.4974448302876e-09
2.49238867672095e-09
2.48717644015139e-09
2.48183813921727e-09
2.4764036017073e-09
2.47090245326114e-09
2.46536410902472e-09
2.45981776823543e-09
2.45429241171082e-09
2.44881680221335e-09
2.44341948766376e-09
2.43812880717549e-09
2.43297289988388e-09
2.42797203802389e-09
2.42311570833627e-09
2.41838583208194e-09
2.41376446237199e-09
2.40923377712308e-09
2.40477607310781e-09
2.40037376108997e-09
2.39600936203507e-09
2.3916655043872e-09
2.3873249224036e-09
2.38297045553853e-09
2.37858504886812e-09
2.37415175454808e-09
2.36965373429578e-09
2.36507426288794e-09
2.36039673266499e-09
2.35560465903241e-09
2.35068168694877e-09
2.34561159838953e-09
2.34037832077445e-09
2.33497538286066e-09
2.32943411271126e-09
2.32379502912639e-09
2.31809834143819e-09
2.31238393785956e-09
2.30669137961491e-09
2.30105990079306e-09
2.2955284138615e-09
2.29013552078171e-09
2.2849195296675e-09
2.27991847693227e-09
2.27517015487685e-09
2.27071214467651e-09
2.26658185473517e-09
2.26281656438486e-09
2.25945347292127e-09
2.25652975397959e-09
2.25408261527076e-09
2.2521493637153e-09
2.25076747603059e-09
2.24996177498578e-09
2.24970581971678e-09
2.24996063028135e-09
2.25068752079623e-09
2.25184802799731e-09
2.2534038455634e-09
2.25531676412338e-09
2.25754861688634e-09
2.26006123085106e-09
2.26281638356726e-09
2.26577576543509e-09
2.26890094754108e-09
2.27215335504012e-09
2.27549424610101e-09
2.27888469644121e-09
2.28228558948104e-09
2.28565761215198e-09
2.28896125639538e-09
2.2921568263883e-09
2.29520445153205e-09
2.29807367415561e-09
2.30077225566464e-09
2.30331761107816e-09
2.30572725031421e-09
2.30801876875879e-09
2.31020983896975e-09
2.31231820352399e-09
2.31436166901554e-09
2.31635810121092e-09
2.3183254213677e-09
2.32028160372145e-09
2.32224467414572e-09
2.32423270998978e-09
2.32626384109832e-09
2.32835625201767e-09
2.33052818539322e-09
2.332797946563e-09
2.33518390935307e-09
2.337704523081e-09
2.34037832077445e-09
2.34321546652341e-09
2.34619230680284e-09
2.34927662784276e-09
2.3524360866657e-09
2.35563820054513e-09
2.35885034024202e-09
2.36203972704052e-09
2.36517343360512e-09
2.36821838868164e-09
2.37114138566375e-09
2.37390909504519e-09
2.37648808077504e-09
2.37884482053014e-09
2.38094572991404e-09
2.38275719058674e-09
2.38424558232285e-09
2.38537731898885e-09
2.38611888842161e-09
2.38643689618154e-09
2.38629811314331e-09
2.38568021863781e-09
2.38460389727961e-09
2.38310071375078e-09
2.38120236943023e-09
2.37894065702025e-09
2.37634741860011e-09
2.37345450713877e-09
2.37029375148919e-09
2.36689692487896e-09
2.36329571690402e-09
2.35952170902563e-09
2.35560635356492e-09
2.35158095618374e-09
2.34747666183654e-09
2.34332444417414e-09
2.33915509837742e-09
2.33499923739681e-09
2.33088729157236e-09
2.32684951160839e-09
2.32291597487707e-09
2.31911016704623e-09
2.31542977933764e-09
2.31186611845411e-09
2.30841054896228e-09
2.30505448990683e-09
2.30178941168928e-09
2.29860683320926e-09
2.29549831926559e-09
2.29245547821533e-09
2.28946995988873e-09
2.28653345375811e-09
2.28363768735917e-09
2.28077442496294e-09
2.27793546649692e-09
2.27511264671392e-09
2.27229783460715e-09
2.26948293307035e-09
2.26665987880141e-09
2.26382064244837e-09
2.26095722899628e-09
2.25806343798158e-09
2.25514012771691e-09
2.25218990999385e-09
2.24921538643574e-09
2.2462191482457e-09
2.24320377597946e-09
2.24017183934282e-09
2.23712589701367e-09
2.23406849648846e-09
2.2310021739529e-09
2.22792945417682e-09
2.22485285043307e-09
2.22177486444028e-09
2.21869798632934e-09
2.21562469463349e-09
2.21255745630182e-09
2.20949872673618e-09
2.20645094985109e-09
2.2034165581568e-09
2.20039797286524e-09
2.19739686786808e-09
2.19441196818889e-09
2.19144127028933e-09
2.18848277981365e-09
2.18553451149504e-09
2.18259448907714e-09
2.17966074525046e-09
2.17673132160383e-09
2.17380426859067e-09
2.17087764551003e-09
2.16794952050226e-09
2.16501797055931e-09
2.16208108154955e-09
2.15913694825689e-09
2.15618367443437e-09
2.15321937287185e-09
2.15024216547791e-09
2.14725018337578e-09
2.14424156701321e-09
2.14121446628621e-09
2.13816823770355e-09
2.13510702400269e-09
2.13203614267801e-09
2.12896088580092e-09
2.12588651985353e-09
2.12281828567269e-09
2.11976139850382e-09
2.11672104816361e-09
2.11370239931113e-09
2.11071059182644e-09
2.10775074129615e-09
2.10482793960526e-09
2.10194725563461e-09
2.09911373606329e-09
2.09633240627557e-09
2.0936082713716e-09
2.09094631728162e-09
2.08835151198295e-09
2.08582880681963e-09
2.08338313792414e-09
2.08101545123734e-09
2.07871080429535e-09
2.0764503464445e-09
2.07421529907919e-09
2.07198695302361e-09
2.06974666734463e-09
2.06747586958899e-09
2.0651560574377e-09
2.06276880177067e-09
2.06029575113414e-09
2.05771863760268e-09
2.05501928402697e-09
2.05217961265727e-09
2.0491816551313e-09
2.04600756381369e-09
2.04263962447251e-09
2.03906027027622e-09
2.03525209709249e-09
2.03119788006765e-09
2.02688059146313e-09
2.02228996422665e-09
2.01744203873849e-09
2.0123593429262e-09
2.00706430077935e-09
2.00157921184333e-09
1.9959262327316e-09
1.99012736064756e-09
1.98420441890392e-09
1.97817904442465e-09
1.97207267721158e-09
1.96590655175585e-09
1.95970169037231e-09
1.95347889843332e-09
1.94725876147753e-09
1.94106164416802e-09
1.93490769107402e-09
1.92881682924996e-09
1.92280877258618e-09
1.91690302790584e-09
1.91111890278365e-09
1.90547458317594e-09
1.89998436723301e-09
1.8946615038916e-09
1.8895191393593e-09
1.88457032777636e-09
1.87982804269197e-09
1.87530518935092e-09
1.87101461778829e-09
1.86696913673169e-09
1.8631815283121e-09
1.85966456358669e-09
1.85643101887863e-09
1.85349369294161e-09
1.85086542495859e-09
1.84855911338716e-09
1.84658773566618e-09
1.84496436880114e-09
1.84370221084858e-09
1.84281460332274e-09
1.8423150545507e-09
1.84220963046957e-09
1.84247407113203e-09
1.84307666667266e-09
1.84398584089315e-09
1.84517010391747e-09
1.84659800954038e-09
1.848238117233e-09
1.85005895878214e-09
1.85202900955141e-09
1.85411666436177e-09
1.85629021799764e-09
1.85851785035156e-09
1.86076761622571e-09
1.86300743981269e-09
1.86520511388011e-09
1.8673283036848e-09
1.86934455564189e-09
1.87122131077159e-09
1.87292592294358e-09
1.8744256819335e-09
1.8756952172428e-09
1.87673868589848e-09
1.87756770644646e-09
1.87819398046783e-09
1.87862928135964e-09
1.87888544372593e-09
1.87897435338767e-09
1.87890793801901e-09
1.87869815841629e-09
1.87835700040491e-09
1.87789646738869e-09
1.87732857354482e-09
1.87666533766716e-09
1.8759187776598e-09
1.87510090568181e-09
1.87422372394395e-09
1.87329922115735e-09
1.87233936963359e-09
1.87135612303558e-09
1.87036170242073e-09
1.86298530654894e-09
1.85581484516997e-09
1.84888978703945e-09
1.84224914399955e-09
1.8359315194333e-09
1.82997516391468e-09
1.82441803798555e-09
1.81929788201382e-09
1.81465229311463e-09
1.81051880914528e-09
1.80693499981823e-09
1.80393856501188e-09
1.80156744039782e-09
1.7998599105455e-09
1.79885470405974e-09
1.79856489728032e-09
1.79892850886307e-09
1.79987057036475e-09
1.80131649906547e-09
1.80319190535991e-09
1.80542242693859e-09
1.80793358955563e-09
1.81065069429747e-09
1.81349873136306e-09
1.81640232044315e-09
1.81928567784127e-09
1.82207261051481e-09
1.82468653722875e-09
1.82705053700845e-09
1.82908742505088e-09
1.83071985620561e-09
1.8318704560677e-09
1.83248207991798e-09
1.83261710557455e-09
1.8323820463221e-09
1.83188366908944e-09
1.83122877010833e-09
1.83052407061216e-09
1.82987616556348e-09
1.82939152535949e-09
1.82917655043776e-09
1.82933767873492e-09
1.82998154603717e-09
1.83121519940487e-09
1.83314636405323e-09
1.83588376432772e-09
1.83953749972759e-09
1.84421947730315e-09
1.85003631441092e-09
1.85697884074991e-09
1.86494538690674e-09
1.87383160920407e-09
1.88353253928881e-09
1.89394214815339e-09
1.9049529639974e-09
1.91645574431811e-09
1.92833920300843e-09
1.94048979356669e-09
1.95279154978442e-09
1.96512598547537e-09
1.97737205493895e-09
1.98940617591459e-09
2.00110231677724e-09
2.0123323984263e-09
2.02300788669285e-09
2.03312734158348e-09
2.04270106961953e-09
2.05174005444747e-09
2.06025592237396e-09
2.06826090814321e-09
2.07576782105355e-09
2.08279001150457e-09
2.08934133806113e-09
2.09543613511532e-09
2.10108918122232e-09
2.10631566818125e-09
2.11113117092707e-09
2.11555161829487e-09
2.11959925511852e-09
2.12335647632957e-09
2.12694070287947e-09
2.13047050153272e-09
2.13406512291992e-09
2.13784450344288e-09
2.14192932392225e-09
2.14644112545067e-09
2.15150248299961e-09
2.15723723747129e-09
2.16377078708747e-09
2.17123043926475e-09
2.1797458244437e-09
2.1894493736629e-09
2.20042284400132e-09
2.21254025178046e-09
2.22562322690462e-09
2.23949073509268e-09
2.25395846062135e-09
2.26883832015574e-09
2.28393811062585e-09
2.29906129471663e-09
2.3140069279349e-09
2.32856973139514e-09
2.34254031442507e-09
2.35570555082607e-09
2.36784915885405e-09
2.37886756161575e-09
2.38902143884384e-09
2.39864823066678e-09
2.40809053597537e-09
2.41769567164342e-09
2.42781564982405e-09
2.43880758082453e-09
2.45103450949074e-09
2.46486669453069e-09
2.48068334278424e-09
2.49887481411876e-09
2.51984531741518e-09
2.54392178266356e-09
2.57088404966624e-09
2.60030087154422e-09
2.63172795389191e-09
2.66470489875236e-09
2.69875254167027e-09
2.73337102600336e-09
2.76803865321587e-09
2.80221155204341e-09
2.83532421088403e-09
2.86679091647437e-09
2.89601361804173e-09
2.92269592260823e-09
2.94702421828016e-09
2.96923790308313e-09
2.98958789527707e-09
3.00833506767492e-09
3.02574887098207e-09
3.04210615847928e-09
3.05769022221196e-09
3.07279004904843e-09
3.08769980353484e-09
3.10271614468033e-09
3.11806959375072e-09
3.13391329087846e-09
3.15039858322052e-09
3.16767959889626e-09
3.1859135184759e-09
3.20526090758168e-09
3.22588611231314e-09
3.24795771945844e-09
3.27164908374599e-09
3.29713822539773e-09
3.32441363321524e-09
3.35300005052061e-09
3.38234195458501e-09
3.41186789495134e-09
3.44098992646782e-09
3.46910385980549e-09
3.49559035663066e-09
3.51981689431824e-09
3.54114062057771e-09
3.55894415357541e-09
3.57342230996737e-09
3.58564083511276e-09
3.59672376274792e-09
3.60780842448983e-09
3.6200439576671e-09
3.63459278056023e-09
3.65263507561012e-09
3.6753763353681e-09
3.70404666308849e-09
3.73916588704314e-09
3.78006055312012e-09
3.82593920696936e-09
3.8759909546241e-09
3.92937697216407e-09
3.9852236189176e-09
4.04261721421783e-09
4.1006005580607e-09
4.15821552118088e-09
4.21497461494635e-09
4.27070280774404e-09
4.32522578590148e-09
4.37836509865775e-09
4.42993857340657e-09
4.47976077548045e-09
4.52764351250945e-09
4.57340905381204e-09
4.6171720785551e-09
4.65935079430513e-09
4.70039175787145e-09
4.74075611576172e-09
4.78091878051864e-09
4.82136798743671e-09
4.8626052441148e-09
4.9051066585717e-09
4.94907113882267e-09
4.99457223837598e-09
5.04168517039443e-09
5.09048753537309e-09
5.14105944936493e-09
5.19348367851376e-09
5.24786462238409e-09
5.30470884243966e-09
5.36492234478641e-09
5.42946016833564e-09
5.49931641035513e-09
5.57553020766642e-09
5.65919303213603e-09
5.75122333860818e-09
5.84966696925505e-09
5.95046710244993e-09
6.04930914323775e-09
6.14165912851749e-09
6.22279104202196e-09
6.28784684323453e-09
6.3344766676092e-09
6.36684232114216e-09
6.3902604207358e-09
6.41015406859577e-09
6.43201162342489e-09
6.46138132703138e-09
6.50246298498893e-09
6.55443509662325e-09
6.61534819095493e-09
6.68322400040489e-09
6.75603659006011e-09
6.83170865400304e-09
6.90921923185846e-09
6.98965861956674e-09
7.07439645693488e-09
7.16485384840366e-09
7.26250990767204e-09
7.3683586479538e-09
7.47932149236748e-09
7.59031326223642e-09
7.69601279987266e-09
7.79088873401147e-09
7.86962108042265e-09
7.93166242819182e-09
7.97992116693073e-09
8.01749503680712e-09
8.04756738303435e-09
8.07310237623144e-09
8.09491250762811e-09
8.11278235041794e-09
8.12649313776127e-09
8.13583131691421e-09
8.14103209040387e-09
8.14338500752088e-09
8.14433506085552e-09
8.14532883418042e-09
8.14757292385995e-09
8.15075592894553e-09
8.15397526858909e-09
8.15632606538053e-09
8.15701624784151e-09
8.15624134468532e-09
8.15470572663172e-09
8.15311787194664e-09
8.15210072552847e-09
8.15180204895283e-09
8.15220510539799e-09
8.15329284644049e-09
8.15501027907717e-09
8.15722647974797e-09
8.15980147034083e-09
8.16257039155537e-09
8.16517893041991e-09
8.16718517762595e-09
8.16815275802437e-09
8.16776537803429e-09
8.16581530823063e-09
8.16204105701219e-09
8.15463064142913e-09
8.1401038127693e-09
8.11521320565477e-09
8.08160712332562e-09
8.04495753693619e-09
8.01021066230256e-09
7.97701635953354e-09
7.94289224820043e-09
7.90692963118575e-09
7.87131376635462e-09
7.83763835468148e-09
7.80064357243108e-09
7.75248296827185e-09
7.69427282811173e-09
7.6358373150218e-09
7.58329581088485e-09
7.53645260095276e-09
7.49445620559504e-09
7.45626711157496e-09
7.42047124348722e-09
7.3850572175483e-09
7.34711052562907e-09
7.30492092357528e-09
7.27326305731993e-09
7.25969487887625e-09
7.23506001600263e-09
7.20999867045092e-09
7.2182929514166e-09
7.26329170778192e-09
7.3481481816079e-09
7.4333091512532e-09
7.47094503189133e-09
7.49977003830481e-09
7.56062238679576e-09
7.61520598218266e-09
7.6543337587124e-09
7.68515155699313e-09
7.64412202462826e-09
7.52053447734654e-09
7.41196812686551e-09
7.32096612437867e-09
7.17866764553005e-09
7.14477470400055e-09
7.10699120751713e-09
7.28161251084064e-09
7.20802465307007e-09
7.1321132613661e-09
7.29596887337346e-09
