295.675523376313
296.215136587185
296.77
297.3
297.844807063692
298.373642970089
298.902762367382
299.420344909423
299.940438081776
300.445328658317
300.96
301.483998767851
302.020098079839
302.567420934083
303.095544335794
303.614324846437
304.125573721373
304.632353621405
305.13054352879
305.638779754597
306.135283880723
306.607296085651
307.071654698494
307.53226346076
307.994063887923
308.459221929585
308.948670506518
309.519413209133
310.004637005215
310.483173889728
310.907044486005
311.350753998012
311.79
312.254697275772
312.745169553936
313.282724131845
313.906002214875
314.539317776674
315.154549868692
315.76
316.371205750962
316.983911581326
317.580406861787
318.055036074648
318.535223647123
319.06
319.527559544589
319.977216169965
320.434610960411
320.888402736463
321.35
321.775377552921
322.21033884254
322.616100310751
323.031431992823
323.470601298668
323.940468638323
324.405462608155
324.899525510971
325.380011992929
325.875108053184
326.382052983863
326.894743555173
327.378031173526
327.858938214241
328.347778862561
328.830214287581
329.300139496791
329.76
330.207453070143
330.659036023713
331.121410151902
331.579855856015
332.046382142881
332.524005593953
332.984533881397
333.469257152839
334.000175570739
334.531468949585
335.07
335.609916252999
336.15580322331
336.723913224973
337.3
337.860950105428
338.344861490648
338.849217946672
339.354709992041
339.88006307653
340.409012114474
340.950157185396
341.474678501684
342.002107187352
342.530359293767
343.050605569054
343.59
344.12
344.62469621927
345.135177639731
345.602920289571
346.129730358743
346.811355965977
347.483628615835
348.155394634187
348.892847341409
349.597902972531
350.314393690044
350.99
351.620383298479
352.272934950197
352.955892055973
353.559443010382
354.138317294129
354.74602653684
355.376227368512
355.999389970299
356.622495407422
357.234046067726
357.821466677214
358.38614705438
358.92588764833
359.446676324329
359.984090724688
360.589762706484
361.14058540309
361.63
362.104489453456
362.570313254261
363.04
363.508587343327
363.989262363064
364.485201631554
364.98
365.46501123681
365.946150879012
366.46
366.969453423922
367.475296051889
368.002312071896
368.560992219411
369.104698049114
369.616494188921
370.116850458571
370.615919262709
371.126715723667
371.646429147815
372.209598260763
372.778525870862
373.371339207309
373.969089360717
374.657444983865
375.370723320391
376.052359413788
376.838025832806
377.726609462624
378.616143659538
379.46915034755
380.28250449084
381.15306882155
382.040969426155
382.961019077473
383.85
384.718943851178
385.64
386.599347937051
387.520996513661
388.41
389.29
390.190885868782
391.09
392.02
392.88
393.76284733601
394.651088517134
395.572872966081
396.483134708391
397.387719103821
398.254706474249
399.039674955554
399.885796894226
400.775394525372
401.615967423073
402.498815795384
403.395567389225
404.308141658173
405.21
406.068531364243
406.94
407.800858535649
408.633939562151
409.422351159108
410.192739938526
410.992357092645
411.783842417298
412.55831562289
413.329167500369
414.078507147513
414.812113786434
415.551563451544
416.298023412848
417.092854757174
417.822563200686
418.517176820243
419.186543491536
419.856812300691
420.52
421.198896307866
421.872958572658
422.612259170321
423.458832968415
424.310395962682
425.167632012098
425.996157663021
426.75
427.436484743647
428.14
428.823246634083
429.510631472767
430.175949003237
430.889345339465
431.683890381085
432.482408003497
433.170688925634
433.722301092756
434.208161518307
434.651428875458
435.081985474231
435.511624182971
435.942676312381
436.389397825687
436.839783671921
437.279088944456
437.734529010369
438.17982186507
438.644075179425
439.161358624984
439.865788559735
440.872590686538
441.978946526557
443.050659565571
444.070145619959
445.04
445.992697830187
446.899713184391
447.821904798187
448.741102123776
449.700080750358
450.577886058081
451.426971382403
452.286199744289
453.15
454.048879577722
454.947277093139
455.817487907449
456.588665673673
457.42
458.116496807534
458.856075988886
459.563528571506
460.115090752094
460.581407489249
461.018127797261
461.412110938554
461.807996883981
462.192567248815
462.572300084264
462.944137236285
463.317353432332
463.691319517907
464.071739187412
464.463093746273
464.843170976379
465.210678934017
465.588179176129
465.978274863849
466.38
466.854546702
467.482757102671
468.34410548931
469.595229770158
470.809150736536
471.98405409124
473.06
474.080526309618
475.050880380571
475.954293782288
476.814643296206
477.666535775666
478.57723189205
479.457887782575
480.306957739293
481.136853814522
481.894694232682
482.59
483.246600509096
483.9
484.494134025693
485.05
485.560009838704
486.045600580941
486.517860315007
486.956030107438
487.391073309379
487.868467979089
488.563983014013
489.568007776609
490.49
491.098118141384
491.616495981957
492.134352963471
492.655035397835
493.189909585056
493.718349206778
494.2349776009
494.725269100967
495.215180189299
495.714618857968
496.210304704493
496.70570360572
497.200376788799
497.682483139957
498.167877116002
498.64196690747
499.108843198524
499.60512072485
500.143108946679
500.74108441441
501.310709155485
501.859227991512
502.349999887292
502.861717618169
503.371264863501
503.905654396485
504.425072951153
504.950608411472
505.440549697139
505.909803342368
506.414696261261
506.94
507.435145605965
507.920581097794
508.365354522419
508.825391034751
509.285414649505
509.74
510.210723534487
510.665139746462
511.168251227476
511.699387771721
512.236440276223
512.789266893319
513.305669711233
513.825124205632
514.295367270117
514.765468875962
515.215349143172
515.69
516.165162683038
516.74
517.446373867287
518.535647866706
519.701503483609
520.542293921582
521.205216241613
521.820167635539
522.482352443797
523.13
523.764781341864
524.350843434248
524.89895232484
525.436665817693
525.99
526.533348375232
527.054837061458
527.59
528.1
528.641289981959
529.190374237811
529.756951691461
530.315682453098
530.89972889968
531.482202897967
532.1
532.717640291858
533.331732706359
533.962495953507
534.6
535.296055879787
535.973695483701
536.624329687213
537.283964014475
537.932490330043
538.604451070815
539.3
540.03
540.788021389784
541.546154786919
542.308035144227
543.068255316036
543.83662833654
544.575765860458
545.313943268329
546.021172311171
546.764277202783
547.510121345963
548.25
549.380012371383
550.821976489586
551.658422224071
552.516998656263
553.89
555.26
556.442410866054
557.765205728558
559.05
560.01
560.841408323236
561.779943765801
563.125741664527
564.226523399614
565.323587709918
566.530744039824
568.02
569.37
570.697049387364
571.88
573.1
574.24
575.447647618676
576.58
577.69
578.818640525179
579.93
581.16
582.310488452462
583.340924673922
584.233510268678
585.01173467285
585.805000746916
586.57
587.346679938827
588.147507003159
588.948914667524
590.06
591.428249317931
592.66764501864
593.860132428056
594.641637099195
595.375421882682
596.137513345013
596.98
598.204903085654
599.140973176512
599.98
600.799053527329
601.623868575957
602.453817669222
603.400373026612
604.4530448646
606.03
607.53
608.98
610.68981348383
612.265113259611
613.92
615.585319440377
617.24
618.9
620.434573871433
621.99
623.488403625
625.05
626.61
628.17
629.77
631.33
632.91
634.433300753978
635.93
637.392917335129
638.80474893493
640.33
641.89
643.41432423972
644.702932653358
646.06
647.373212665206
648.77
650.103475861017
651.445533299346
652.83
654.176358455955
655.56694627937
656.874107250816
658.19
659.53
660.813672977965
662.11
663.4
664.687370181023
665.91
667.152125491571
668.45274741604
669.757445151564
670.959110549626
672.048522599037
673.080413657112
674.217709000837
675.67469396593
677.14
678.646721805436
680.28
681.684016096529
682.96
684.15
685.357409048653
686.339675165619
687.272028600685
688.122293986625
688.94
689.76
690.6015017907
691.490360751823
692.388212770426
693.299219007801
694.207111668462
695.14
696.137667607014
697.110842421143
698.17
699.229446075302
700.320375919813
701.92
704.12710249774
706.33
708.29
710.24
712.270225127307
714.19
716.18
718.128039216762
719.897474008722
721.799696433765
723.67
725.47
727.290594740079
728.97
730.38
731.79
733.22448829631
734.695420564027
736.085097354504
737.44
738.783966416717
740.06
741.41
742.96
744.29
745.43809619377
746.489991648115
747.440488151222
748.49
749.53
750.539463256579
751.55087903544
752.500053445984
753.58
755.032064196302
757.02
759.11
761.1
762.999540814522
764.904607307197
766.404640577893
767.91
769.35
770.81
772.23540315341
773.489229864211
774.551929817594
775.64
776.71
777.79
778.88
780.01
781.191067703027
782.98
785.030668258327
787.05
788.97
790.662332142203
792.136407690622
793.437049537898
794.649638980643
795.88
797.08
798.212605042365
799.54
800.808572188633
802.333227011864
803.96
805.246538933449
806.35
807.350524178399
808.39
809.470492085601
810.532697257575
811.67
812.76
813.89
815.021428009062
816.249037171821
817.373391707539
818.58
819.76
821
822.252542140927
823.602485703768
825.13
827.97
830.69588239307
833.412332452473
836.02
838.493309954174
841.11
843.7
846.197746043548
848.503647091901
850.91
853.01
854.918408460095
856.63639934592
858.63
860.47
862.126790279205
863.501880976399
864.976543003295
866.22
867.43
868.581478807848
869.75
870.92
872.08
873.248070893515
874.421427167282
875.88
878.344919793909
880.745793998144
883.16
885.55
887.712072971542
889.761009185754
891.912674672956
893.841224545199
895.103357118285
896.45
897.92
899.340826505354
900.578343998581
901.758410563146
902.967657800924
904.21
905.57
907.18
909.754045821174
912.26
914.55
916.12
917.326896384334
918.51208153223
919.706110243122
920.95
922.221977719028
923.450679408091
924.785375732538
926.20249104771
929.02
931.54
933.782734606396
935.929509089578
937.664281039949
939.06
940.43
941.91
943.31
944.67
946.01
947.33
948.715775442505
950.11
951.536968853784
952.904503778979
954.463593297029
956.134187671116
957.57
958.95
960.06
961.323322486927
962.51252560334
963.731974848201
964.95
966.271637720508
967.522863447698
968.741227334585
969.942808472394
971.150628111586
972.314662588043
973.59291695952
974.837654915113
976.078116163293
977.424119918368
978.95
981.811968260022
984.707125393967
987.297682245183
989.06
990.58
992.03
993.453466107905
994.804039158957
996.23
997.664025603226
999.155907628279
1002.31025555185
1005.26
1007.68418874547
1009.22
1010.81
1012.43
1013.9568975717
1015.55533221977
1017.23
1018.83
1020.43
1021.96
1023.44787012777
1025.1619237503
1026.85
1028.71
1030.46497012219
1032.12499208956
1033.56233518139
1034.97
1036.41
1037.83
1039.25
1040.69480839462
1042.2
1043.60630868075
1045.09
1046.75727077625
1048.37694759963
1050.01
1051.55428020742
1053.07
1054.62762167989
1056.31753607546
1058.03717389911
1059.71357412193
1061.27626398998
1062.82429337176
1064.36681941148
1066
1067.67
1069.38044889848
1071.17
1073.15
1075.6368122149
1078.01
1080.12
1082.34
1084.71881026064
1086.74
1089.01111888442
1091.09
1093.26273683196
1095.46179764874
1097.56090882811
1099.49976246597
1101.40893979463
1103.31
1105.29887824841
1107.31
1109.2997713089
1111.2497013061
1113.18910750519
1115.18
1117.17
1119.24179021262
1121.26
1123.21998789885
1125.29966092409
1127.38379213854
1129.65982187665
1131.92
1134.24332183697
1136.51612798323
1138.78
1141.24430583225
1143.57
1145.81
1148.07
1150.4
1152.52193781253
1154.74324625279
1157.22614335321
1159.56712696365
1161.81
1163.99
1166.30172933261
1168.56
1170.78810408806
1173.17366764542
1175.4
1177.68
1179.87
1181.99071208272
1184.1343034588
1186.46435641791
1188.97587930693
1191.12
1193.44
1195.86965345063
1198.05374674724
1200.54654150515
1202.67169794902
1204.93656953474
1207.32
1209.97
1212.63
1215.16
1217.50634894611
1220.01
1222.5
1225.1353479276
1227.51
1229.98
1232.36
1234.59
1236.86
1239.19433607881
1241.54
1243.96
1246.04
1248.26746644954
1250.56
1252.98
1255.42
1257.88405833633
1260.22
1262.65730180439
1265.26
1268.24
1271.33982849498
1276.32596955127
1282.74510058223
1288.64
1294.44
1300.23
1305.26
1309.48
1314.26
1319.68
1325
1329.7
1334.82
1339.98
1344.99
1349.28
1353.23
1357.73057615634
1362.4191055671
1366.04
1369.24784739337
1372.14663189429
1375.14995475256
1378.40241451824
1381.44
1384.55
1387.63
1390.94
1394.17
1397.39644932254
1400.86374211557
1407.17
1413.86
1419.69
1426.42941355005
1433.37
1440.34
1447.48
1454.54
1461.89
1469.38
1477.04
1484.64046885556
1492.42
1500.23
1508.03
1516.21
1524.41
1532.79
1541.63
1550.59
1559.46
1568.41
1577.96
1587.28
1596.32705304056
1605.95
1615.16528693847
1624.94
1634.4
1644.26
1654.23
1664.28
1674.29
1684.5
1694.18
1704.11
1714.76
1725.54460851817
1736.83088113594
1748.79
1759.45
1771.11
1782.59
1794.11
1805.16
1816.6
1828.01
1839.75
1851.35
1863.18
1875.05
1887.02
1898.99
1911.47
1924.22
1936.8
1949.32
1961.96774546189
1975.04
1987.84
2000.95
2014.33
2027.74
2041.1
2054.92
2069.24
2083.65
2097.19
2110.92
2125.71
2139.86
2155.07
2169.47
2184.48
2199.28
2214.06
2230.11
2246.07
2262.52
2278.75
2295.2
2311.65
2328.4
2345.3
2362.27
2378.87
2396.2
2414.15
2431.87
2450
2468.35
2486.35
2504.32
2522.75
2541.5
2560.22
2580
2599.97
2619.22
2638.67
2658.85
2678.85
2699.75
2720.05
2740.87
2761.72
2783.42
2804.12
2825.52
2846.25
2868
2890.75
2913.5
2936.85
2961.92
2987.7018734355
3013.48374687099
