-0.00059999999993579
-0.00059999999993579
-0.00059999999993579
-0.00059999999993579
-0.000599999999938063
-0.000599999999940337
-0.000599999999942611
-0.000599999999944885
-0.000599999999947158
-0.000599999999951706
-0.000599999999956253
-0.000599999999960801
-0.000599999999967622
-0.000599999999972169
-0.000599999999976717
-0.000599999999983538
-0.000599999999990359
-0.000599999999999454
-0.000600000000006276
-0.000600000000013097
-0.000600000000022192
-0.000600000000029013
-0.000600000000040382
-0.00060000000005175
-0.000600000000058571
-0.00060000000006994
-0.000600000000083583
-0.000600000000094951
-0.000600000000104046
-0.000600000000117689
-0.000600000000131331
-0.0006000000001427
-0.000600000000154068
-0.00060000000016089
-0.000600000000165437
-0.000600000000167711
-0.000600000000169985
-0.000600000000169985
-0.000600000000165437
-0.000600000000158616
-0.000600000000151795
-0.0006000000001427
-0.000600000000131331
-0.000600000000117689
-0.000600000000099499
-0.000600000000081309
-0.000600000000060845
-0.000600000000038108
-0.000600000000013097
-0.000599999999983538
-0.00059999999995398
-0.000599999999924421
-0.000599999999890315
-0.000599999999853935
-0.000599999999817555
-0.000599999999776628
-0.000599999999733427
-0.000599999999687952
-0.000599999999640204
-0.000599999999592455
-0.000599999999542433
-0.000599999999494685
-0.000599999999453758
-0.000599999999421925
-0.000599999999399188
-0.000599999999385545
-0.000599999999378724
-0.000599999999378724
-0.000599999999387819
-0.000599999999406009
-0.000599999999433294
-0.000599999999469674
-0.000599999999510601
-0.000599999999560623
-0.000599999999622014
-0.000599999999690226
-0.000599999999767533
-0.000599999999851661
-0.000599999999942611
-0.000600000000044929
-0.000600000000156342
-0.000600000000272303
-0.000600000000397358
-0.000600000000531509
-0.000600000000674754
-0.000600000000827095
-0.000600000000986256
-0.000600000001152239
-0.000600000001327317
-0.000600000001513763
-0.000600000001702483
-0.000600000001879835
-0.000600000002029901
-0.000600000002150409
-0.000600000002239085
-0.000600000002293655
-0.000600000002318666
-0.000600000002314118
-0.000600000002280012
-0.0006000000022118
-0.000600000002114029
-0.000600000001984426
-0.000600000001822991
-0.000600000001634271
-0.000600000001411445
-0.00060000000115906
-0.000600000000874843
-0.000600000000558794
-0.000600000000213186
-0.000599999999833471
-0.000599999999426473
-0.000599999998987641
-0.000599999998516978
-0.000599999998016756
-0.000599999997482428
-0.000599999996918541
-0.000599999996325096
-0.000599999995699818
-0.000599999995042708
-0.00059999999435604
-0.000599999993651181
-0.000599999992984976
-0.000599999992423363
-0.000599999991982259
-0.000599999991652567
-0.000599999991438835
-0.000599999991341065
-0.000599999991359255
-0.000599999991495679
-0.00059999999174579
-0.000599999992109588
-0.00059999999259162
-0.000599999993191886
-0.000599999993903566
-0.000599999994731206
-0.000599999995677081
-0.000599999996738916
-0.000599999997914438
-0.00059999999920592
-0.000600000000613363
-0.000600000002139041
-0.000600000003778405
-0.00060000000553373
-0.000600000007405015
-0.000600000009389987
-0.000600000011495467
-0.000600000013714634
-0.000600000016047488
-0.000600000018496303
-0.000600000021063352
-0.000600000023700886
-0.000600000026176986
-0.000600000028268823
-0.000600000029928651
-0.000600000031156469
-0.000600000031950003
-0.000600000032311527
-0.000600000032245589
-0.000600000031743093
-0.000600000030808587
-0.000600000029444345
-0.00060000002764582
-0.000600000025415284
-0.000600000022752738
-0.000600000019660456
-0.00060000001613389
-0.000600000012173041
-0.000600000007784729
-0.000600000002962133
-0.000599999997705254
-0.000599999992018638
-0.000599999985900013
-0.000599999979349377
-0.000599999972366732
-0.000599999964949802
-0.000599999957100863
-0.000599999948822187
-0.000599999940111502
-0.000599999930966533
-0.000599999921389553
-0.000599999911553368
-0.000599999902303807
-0.000599999894498069
-0.000599999888306684
-0.000599999883727378
-0.000599999880760151
-0.000599999879405004
-0.00059999987966421
-0.000599999881535496
-0.00059999988501886
-0.000599999890114304
-0.000599999896824102
-0.000599999905148252
-0.000599999915082208
-0.000599999926630517
-0.000599999939790905
-0.000599999954563373
-0.000599999970950194
-0.00059999998894682
-0.000600000008560073
-0.000600000029785406
-0.000600000052620544
-0.000600000077070035
-0.00060000010313388
-0.000600000130809803
-0.000600000160095533
-0.000600000190995615
-0.000600000223512325
-0.00060000025763884
-0.00060000029337516
-0.000600000330091461
-0.000600000364604512
-0.000600000393733353
-0.000600000416845887
-0.000600000433937566
-0.000600000445010664
-0.000600000450065181
-0.000600000449098843
-0.000600000442116198
-0.000600000429114971
-0.000600000410095163
-0.0006000003850545
-0.000600000353992982
-0.000600000316917431
-0.000600000273821024
-0.000600000224703763
-0.000600000169570194
-0.000600000108418044
-0.000600000041245039
-0.000599999968053453
-0.000599999888843286
-0.000599999803614537
-0.000599999712367207
-0.000599999615101297
-0.000599999511816804
-0.000599999402511457
-0.000599999287187529
-0.00059999916584502
-0.000599999038486203
-0.000599998905106531
-0.000599998768079786
-0.000599998639277146
-0.000599998530562971
-0.000599998444313314
-0.00059999838052363
-0.00059999833919619
-0.000599998320335544
-0.000599998323934869
-0.00059999834999644
-0.00059999839852253
-0.000599998469510865
-0.000599998562961446
-0.000599998678874272
-0.000599998817249343
-0.000599998978088934
-0.00059999916139077
-0.000599999367157125
-0.000599999595383451
-0.000599999846072023
-0.000600000119225115
-0.000600000414840451
-0.000600000732918034
-0.000600001073457861
-0.000600001436462207
-0.0006000018219288
-0.000600002229857637
-0.000600002660250993
-0.000600003113104321
-0.000600003588419895
-0.000600004086202261
-0.000600004597586121
-0.000600005078285903
-0.000600005484013764
-0.000600005805906676
-0.000600006043966914
-0.000600006198196752
-0.000600006268596189
-0.000600006255160679
-0.000600006157894768
-0.000600005976796183
-0.000600005711864924
-0.000600005363103264
-0.000600004930506657
-0.000600004414079649
-0.000600003813822241
-0.000600003129732158
-0.000600002361807128
-0.000600001510051698
-0.000600000574465867
-0.000599999555047361
-0.000599998451793908
-0.000599997264710055
-0.000599995993795801
-0.000599994639048873
-0.000599993200469271
-0.000599991678056995
-0.000599990071812044
-0.000599988381736694
-0.000599986607828669
-0.00059998475008797
-0.000599982841574729
-0.00059998104757824
-0.000599979533387796
-0.000599978332063529
-0.00059997744360544
-0.000599976868011254
-0.000599976605283246
-0.000599976655421415
-0.000599977018425761
-0.000599977694294012
-0.000599978683030713
-0.000599979984631318
-0.000599981599093553
-0.000599983526426513
-0.000599985766623377
-0.000599988319684144
-0.000599991185613362
-0.000599994364408758
-0.000599997856068057
-0.000600001660591261
-0.000600005777980641
-0.000600010208236199
-0.000600014951357934
-0.000600020007345847
-0.000600025376199937
-0.000600031057915658
-0.000600037052497555
-0.000600043359947904
-0.00060004998026443
-0.00060005691344486
-0.000600064036113963
-0.000600070731404685
-0.000600076382438601
-0.000600080865840482
-0.000600084181612601
-0.000600086329754959
-0.000600087310269828
-0.000600087123152662
-0.00060008576840346
-0.000600083246024497
-0.000600079556018045
-0.000600074698381832
-0.000600068673111309
-0.000600061480213299
-0.000600053119685526
-0.000600043591525718
-0.000600032895736149
-0.000600021032316818
-0.000600008001269998
-0.00059999380258887
-0.000599978436280253
-0.000599961902341874
-0.000599944200769187
-0.000599925331569011
-0.000599905294739074
-0.000599884090279375
-0.000599861718189914
-0.000599838178468417
-0.000599813471117159
-0.000599787596136139
-0.000599761013966145
-0.000599736026806568
-0.00059971493686362
-0.000599698204575816
-0.000599685829940881
-0.000599677812963364
-0.000599674153638716
-0.000599674851971486
-0.000599679907959398
-0.000599689321600181
-0.00059970309289838
-0.00059972122184945
-0.000599743708455662
-0.000599770552721566
-0.000599801754638065
-0.000599837314209708
-0.000599877231438768
-0.000599921506318424
-0.00059997013885777
-0.000600023129052261
-0.00060008047689962
-0.000600142182402124
-0.00060020824555977
-0.000600278666374834
-0.000600353444842767
-0.000600432580965844
-0.000600516074744064
-0.000600603926177428
-0.000600696135268208
-0.000600792702011859
-0.000600891908022732
-0.000600985161368044
-0.000601063870108192
-0.000601126315859801
-0.000601172498620599
-0.000601202418390585
-0.000601216075172033
-0.000601213468962669
-0.000601194599762493
-0.000601159467571506
-0.000601108072389707
-0.000601040414219369
-0.00060095649305822
-0.000600856308908533
-0.000600739861768034
-0.000600607151634449
-0.000600458178512326
-0.000600292942399392
-0.000600111443297919
-0.000599913681207909
-0.000599699656124812
-0.000599469368048631
-0.000599222816986185
-0.0005989600029352
-0.000598680925891131
-0.000598385585856249
-0.00059807398283283
-0.000597746116818598
-0.000597401987811281
-0.0005970415958177
-0.000596671353941929
-0.00059632332772253
-0.000596029582702613
-0.000595796531986252
-0.000595624175575722
-0.000595512513471022
-0.000595461545674425
-0.000595471272181385
-0.000595541692994175
-0.000595672808112795
-0.000595864617537245
-0.000596117121269799
-0.00059643031930591
-0.000596804211650124
-0.000597238798297894
-0.000597734079249221
-0.000598290054508652
-0.000598906724076187
-0.000599584087947278
-0.000600322146124199
-0.00060112089860695
-0.000601980345395532
-0.000602900486489943
-0.000603881321890185
-0.000604922851598531
-0.000606025075608159
-0.000607187993925891
-0.000608411606549453
-0.000609695913478845
-0.000611040914714067
-0.000612422676208553
-0.00061372152774311
-0.000614817799087177
-0.000615687556196463
-0.000616330799075513
-0.000616747527722055
-0.000616937742133814
-0.000616901442313065
-0.000616638628259807
-0.00061614929997404
-0.000615433457455765
-0.000614491100702708
-0.000613322229714868
-0.000611926844496793
-0.000610304945048483
-0.000608456531365391
-0.000606381603447517
-0.00060408016129486
-0.000601552204911968
-0.000598797734298842
-0.000595816749450933
-0.000592609250365967
-0.000589175237050767
-0.000585514709505333
-0.000581627667725115
-0.000577514111710116
-0.000573174041462607
-0.000568607456984864
-0.000563814358272339
-0.000558794745327305
-0.000553526830110513
-0.000547901672421176
-0.000541810332063051
-0.000535231021001437
-0.000528163739231786
-0.000520608486754099
-0.000512565263568376
-0.000504034069676891
-0.000495014905077369
-0.000485507769767537
-0.000475512663754216
-0.000465029587035133
-0.00045405853960574
-0.000442599521466036
-0.000430652532622844
-0.000418217573073889
-0.000405294642814624
-0.000391883741849597
-0.000377984870176533
-0.000363598027795433
-0.000348723214708571
-0.000333360430913672
-0.00031750967641301
-0.000301170951202039
-0.000284344255285305
-0.000267029588660534
-0.000249226951327728
-0.000230936343291432
-0.000212157764544827
-0.000192891215090185
-0.000173247781133341
-0.000153782893685275
-0.000135051983763788
-0.00011716613757244
-0.000100125355108958
-8.39296363756148e-05
-6.85789813701376e-05
-5.40733900925261e-05
-4.04128625450539e-05
-2.75973987254474e-05
-1.56269986359803e-05
-4.5016622766525e-06
5.77861035708338e-06
1.52138192606799e-05
2.3803964434137e-05
3.15490458774548e-05
3.84490635951806e-05
4.45040175850409e-05
4.97139078402142e-05
5.40787343697957e-05
5.75984971737853e-05
6.02731962453618e-05
6.21028315867989e-05
6.30874032003703e-05
6.32269110860761e-05
6.25213552416426e-05
6.09707356693434e-05
5.85750523691786e-05
5.53343053388744e-05
5.12484945784308e-05
4.64068435280751e-05
4.12554693866696e-05
3.62404893462553e-05
3.14511268470596e-05
2.68873818913562e-05
2.25492544768713e-05
1.84367446013312e-05
1.45498522692833e-05
1.0888577478454e-05
7.45292022884314e-06
4.24288052499833e-06
1.25845835782457e-06
-1.50034626813067e-06
-4.03353334831991e-06
-6.34110288729062e-06
-8.42305488731654e-06
-1.02793893461239e-05
-1.19101062614391e-05
-1.33152056355357e-05
-1.449468746614e-05
-1.54485517577996e-05
-1.61767985082406e-05
-1.66794277151894e-05
-1.69564393809196e-05
-1.70078335031576e-05
-1.68336100864508e-05
-1.64337691285255e-05
-1.58083106271079e-05
-1.49572345844717e-05
-1.38805410006171e-05
-1.2601815205926e-05
-1.12389838614035e-05
-9.9099736212338e-06
-8.63836981807253e-06
-7.42417245419347e-06
-6.26738152504913e-06
-5.167997035187e-06
-4.12601898688081e-06
-3.14144737330935e-06
-2.21428219447262e-06
-1.34452345491809e-06
-5.32171154645766e-07
2.2277470861809e-07
9.20314134873479e-07
1.56044712184666e-06
2.14317367181138e-06
2.66849378476763e-06
3.13640746071542e-06
3.54691469965474e-06
3.90001549703811e-06
4.19570985968676e-06
4.43399778532694e-06
4.61487926941118e-06
4.73835432103442e-06
4.80442293337546e-06
4.81308510416056e-06
4.76434084021093e-06
4.65819014152657e-06
4.49463300128627e-06
4.27366942403751e-06
4.00041729790246e-06
3.70046605439711e-06
3.39940513640613e-06
3.10235242523049e-06
2.80930792314393e-06
2.52027163014645e-06
2.23524354623805e-06
1.95422367369247e-06
1.67721200568849e-06
1.40420854904733e-06
1.13521330149524e-06
8.702262607585e-07
6.09247431384574e-07
3.52276813373464e-07
9.9314402177697e-08
-1.49639804476465e-07
-3.94585797494074e-07
-6.35523579148867e-07
-8.72453156262054e-07
-1.10537452428616e-06
-1.33428768322119e-06
-1.5591926307934e-06
-1.78008936927654e-06
-1.99697790094433e-06
-2.20985822352304e-06
-2.41873033701268e-06
-2.62359423913949e-06
-2.82444993217723e-06
-3.02129742067336e-06
-3.21413669780668e-06
-3.3998539811364e-06
-3.56288036073238e-06
-3.68764692211698e-06
-3.77103988284944e-06
-3.81305923838227e-06
-3.81370499326295e-06
-3.77297714976521e-06
-3.69087570334159e-06
-3.56740065171834e-06
-3.40255200171669e-06
-3.19632974878914e-06
-2.94873389293571e-06
-2.6597644409776e-06
-2.32942138381986e-06
-1.95770472146251e-06
-1.54461446072673e-06
-1.09015059933881e-06
-5.94313135025004e-07
-5.71020700590452e-08
5.21482597832801e-07
1.1414408663768e-06
1.80277273784668e-06
2.50547820996871e-06
3.2495572827429e-06
4.03500996071671e-06
4.86183623706893e-06
5.7300361140733e-06
6.6396095962773e-06
7.59055667913344e-06
8.58287736264174e-06
9.59899863119062e-06
1.05510553908061e-05
1.13511825520618e-05
1.19818071016198e-05
1.24429290326589e-05
1.27345483474528e-05
1.28566650505491e-05
1.28092791351264e-05
1.25923906034586e-05
1.22059994578194e-05
1.16501056959351e-05
1.09247093155318e-05
1.00298103234309e-05
8.96540871508478e-06
7.73150449049354e-06
6.32809765193088e-06
4.75518819484932e-06
3.01277612152262e-06
1.1008614342245e-06
-9.80555867045041e-07
-3.23147578455973e-06
-5.65189831831958e-06
-8.24182346832458e-06
-1.10012512345747e-05
-1.39301816147963e-05
-1.7028614611263e-05
-2.02965502239749e-05
-2.37339884506582e-05
-2.73409292958604e-05
-3.1117372755034e-05
-3.49961405390786e-05
-3.86413412002184e-05
-4.17170832929514e-05
-4.41561885236297e-05
-4.59586568922532e-05
-4.71244884010957e-05
-4.76536830478835e-05
-4.75462408348903e-05
-4.68021617621162e-05
-4.54214458272872e-05
-4.34040930304036e-05
-4.0750103373739e-05
-3.74594768550196e-05
-3.3532213478793e-05
-2.89683132405116e-05
-2.37677761379018e-05
-1.79306021777847e-05
-1.14567913578867e-05
-4.34634367366016e-06
3.40074087034736e-06
1.17844622741359e-05
2.08048205399791e-05
3.04618156656034e-05
4.07554476532823e-05
5.16857165007423e-05
6.3252622210257e-05
7.54561647795526e-05
8.82963442086293e-05
0.000101773160502034
0.000115886613652947
0.000130385563525124
0.000144014309414615
0.000155517150615196
0.000164642946990625
0.000171391698536354
0.000175763405254656
0.000177758067145533
0.000177375684206709
0.000174616256440459
0.000169479783849056
0.000161966266430227
0.000152075704179424
0.000139808097101195
0.000125163445197813
0.000108141748467006
8.87430069064976e-05
6.69672205185634e-05
4.28143893009292e-05
1.62845132581424e-05
-1.26224076120707e-05
-4.39063733119838e-05
-7.75673838393232e-05
-0.000113605439196363
-0.000152020539376281
-0.000192812684385899
-0.000235981874227491
-0.000281528108894236
-0.000329451388386133
-0.00037975171270773
-0.000432429081859027
-0.000486546113563691
-0.000537415896455968
-0.000580351519172382
-0.000614415599438871
-0.000639608137250889
-0.000655929132615256
-0.000663378585531973
-0.000661956495994218
-0.000651662864006539
-0.00063249768957121
-0.000604460972681409
-0.000567552713341684
-0.000521772911554308
-0.000467121567314734
-0.000403598680625237
-0.000331204251485815
-0.000249938279894195
-0.000159800765852651
-6.07917093611832e-05
4.70888895824828e-05
0.000163841030976073
0.000289464714817313
0.000423959941110752
0.000567326709856388
0.000719565021049675
0.00088067487469516
0.00105065627079284
0.00122950920933818
0.00141723369033343
0.00161382971378089
0.00182042852035693
0.00204268631344803
0.00228625929644295
0.00255227871001807
0.00284074455417567
0.00315165682891802
0.0034850155342383
0.00384082067013878
0.00421907223662402
0.00461977023368945
0.00504291466133509
0.00548850551956548
0.0059565428083738
0.00644702652776459
0.00695995667773786
0.00749533325829134
0.00805315626942729
0.00863342571114344
0.00923614158344435
0.00986130388632319
0.0105089126197845
0.0111789677838283
0.0118714693784523
0.0125864174036587
0.0133238118594431
0.0140836527458123
0.0148659400627639
0.0156706738102957
0.01649785398841
0.0173474805971045
0.0182140912913974
0.01907037434637
0.0198890180371041
0.0206645600186198
0.021397000290915
0.0220863388539874
0.0227325757078393
0.0233357108524706
0.0238957442878814
0.0244126760140716
0.0248865060310436
0.0253172343387905
0.0257048609373169
0.026049385826625
0.0263508090067103
0.0266091304775773
0.0268243502392215
0.0269964682916452
0.0271254846348484
0.0272113992688287
0.0272542121935908
0.0272539234091323
0.027210532915451
0.0271240407125492
0.0269944468004292
0.0268217511790863
0.0266059538485229
0.0263470548087389
0.0260450540597321
0.0256999516015071
0.0253185766844285
0.0249350755603336
0.0245835944810619
0.0242709626969827
0.0239971802080936
0.0237622470143947
0.023566163115886
0.0234089285125651
0.023290543204439
0.0232110071915031
0.0231703204737551
0.0231684830511995
0.0232054949238363
0.0232813560916611
0.0233960665546761
0.0235496263128857
0.023742035366281
0.0239732937148688
0.024243401358649
0.024552358297617
0.0249001645317776
0.0252868200611283
0.0257123248856669
0.0261766790054003
0.0266798824203238
0.0272219351304352
0.0278028371357391
0.0284225884362331
0.0290811890319173
0.0297786389227917
0.0305023427116316
0.0311893234122931
0.0317766040386414
0.0322515891934495
0.0326142788767152
0.0328646730884407
0.0330027718286215
0.0330285750972621
0.0329420828943603
0.032743295219916
0.0324322120739339
0.0320088334564093
0.03147315936734
0.0308251898067306
0.030064924774581
0.0291923642708866
0.0282075082956521
0.0271103568488797
0.0259009099305626
0.0245791675407008
0.0231451296792989
0.021598796346359
0.0199401675418744
0.0181692432658474
0.0162860235182825
0.0142905082991729
0.0121826976085231
0.00996259144633086
0.0076301898125962
0.00518549270732137
0.00264705246904668
0.000107630790489566
-0.00234001063563255
-0.00467731947077937
-0.00690429571495315
-0.00902093936814936
-0.0110272504303703
-0.0129232289016159
-0.0147088747818816
-0.0163841880711743
-0.0179491687694917
-0.0194038168768316
-0.0207481323931961
-0.0219821153185853
-0.0231057656529993
-0.0241190833964356
-0.0250220685488944
-0.0258147211103801
-0.0264970410808905
-0.0270690284604211
-0.0275306832489787
-0.0278820054465632
-0.0281229950531679
-0.028253652068795
-0.028273976493449
-0.0281839683271278
-0.027983627569829
-0.0276729542215526
-0.0272519482823031
-0.0267206097520784
-0.0260905525878206
-0.025419846574257
-0.0247665614961102
-0.0241423113103247
-0.0235470960169005
-0.0229809156158399
-0.0224437701071429
-0.0219356594908049
-0.0214565837668306
-0.0210065429352198
-0.0205855369959681
-0.02019356594908
-0.0198306297945555
-0.0194967285323901
-0.0191918621625882
-0.01891603068515
-0.0186692341000708
-0.0184514724073551
-0.0182627456070031
-0.0181030536990102
-0.0179723966833808
-0.0178707745601128
-0.0177981873292083
-0.0177546349906675
-0.0177401175444834
-0.0177546349906652
-0.0177981873292083
-0.0178707745601128
-0.0179723966833808
-0.0181030536990102
-0.0182598421177659
-0.0184282444934661
-0.018593743379929
-0.0187534352879197
-0.0189073202174404
-0.0190553981684866
-0.0191976691410628
-0.0193341331351644
-0.0194647901507915
-0.0195896401879486
-0.0197086832466334
-0.019821919326846
-0.0199293484285863
-0.0200309705518521
-0.0201267856966479
-0.0202167938629714
-0.0203009950508203
-0.0203793892601971
-0.0204519764911015
-0.020518756743536
-0.0205797300174981
-0.0206348963129858
-0.0206842556299989
-0.020727807968542
-0.0207655533286129
-0.0207974917102115
-0.0208236231133378
-0.0208439475379919
-0.0208584649841737
-0.0208671754518809
-0.0208705628559892
-0.0208710467708624
-0.0208710467708624
-0.0208710467708624
-0.0208710467708624
-0.0208710467708624
-0.0208710467708624
-0.0208710467708624
-0.0208710467708624
-0.0208710467708624
-0.0208710467708624
