99187.8938403907
97201
95295.0530931869
93146.3364738321
91177.7952155669
89444.6003341147
87797.2313974228
85822.9251050153
84334.728948152
83221.0306045462
82087.2435475803
80925.2964455446
79578.3821450406
78227.4093815696
76383.8467977029
75367.2249126192
74123.115165685
72067.8285311849
71036.4506458072
69456.9036531019
67525.8454296654
65543.8831208753
63867.8551884967
62156.4139286482
60604.4039507021
59363.2615790326
58501.2638864021
57651.4333920045
56794.2593801369
55704.4527765161
54697.4646510485
53840.5886246241
53228.2875279311
52584.4039113579
51920.6483226477
51207.2809822021
50463.3365671768
49680
48918.0291957264
47971.2408842419
46926.8250098268
46411.9977271902
45894.3033568077
45326.5813582952
44604.4723888452
43753.9804611279
43055.8633890544
42455.247994795
41600.9291243865
41036.4821470954
40265.2890060695
39447.2639995754
38581.3488419602
38027.5698847176
37644.182508436
37237.6339893941
36725.4896425699
35978.4203765558
35330.4176463255
34886.5365939452
34246.6186153547
33590
32977.5278797318
32361.2414855707
31830.7405869858
31107.2917773706
30405.2263692495
29595.6837348365
28857.5657533838
28438.8108516424
27768.9403420055
27351.3583256551
26728.3553897078
26129.4081016287
25446.8673518059
24800.7261519152
24181.8905548149
23565.9191061632
23105.8305438112
22652.3779903774
22175.5024085496
21662.5873605614
21164.8424754717
20681.9791683317
20250
19816.7899113772
19381.3374165809
18934.7100052829
18494.1389894724
18051.2944587328
17622.841385964
17198.9391909266
16800.3990333969
16399.1861094218
15966.4766588562
15523.2912129776
15109.5508444211
14745.399579609
14543.3265079496
14375.6496741927
14204.0682335696
13988.4975856943
13794.166473879
13593.4593725618
13399.6123863729
13182.4854213121
12955.0574551713
12675.0469923195
12349.7404159181
12029.7385731784
11724.1331792051
11559.5481971373
11395.1336764088
11250.7019233878
11104.8550729169
10963.1516054635
10825.9853416078
10691.4122071554
10561.600595636
10431.3688730921
10302.8205980018
10177.643851288
10052.5409630371
9932.58280554605
9818.29542594125
9706.42796693619
9593.87661290733
9483.35323080998
9379.39482410589
9268.03854951425
9160.30921847507
9056.22586059433
8950.19722901426
8845.4371382541
8742.30492483897
8641.22595607788
8541.87573106161
8443.3989468552
8341.77923115011
8246.02753815818
8138.88102725136
8045.12339008011
7951.5851951832
7860.17873565679
7776.92861374668
7689.09114898488
7594.99584285608
7510
7420.79097119772
7338.43966345078
7245.96398758966
7156.42338275899
7073.17208567889
6981.90480751765
6897.91537407081
6811.15433694372
6726.28730528541
6641.79131707034
6560.24476551627
6474.60110647664
6391.72438650927
6312.27285168068
6234.53055726403
6151.9670335194
6072.33123236972
5994.81143907525
5914.0802305839
5838.80447422805
5760.38555459192
5681.93981556054
5606.64928617676
5532.91783438245
5458.00521043765
5384.12015328603
5308.71967429562
5234.372474995
5166.42770952043
5094.9445430277
5026.47334085111
4955.14993979713
4878.74017109368
4806.71829037099
4739.19878126815
4668.98323338005
4599.08023006544
4535.60315746731
4465.04278954108
4396.39783537367
4331.58990656911
4263.8277168175
4195.00790009974
4126.75075616699
4060.89027687884
4000.63231715048
3940
3875.42174938309
3815.51309424701
3752.13089032478
3692.67041809911
3631.207252633
3570.67034209009
3509.8211589993
3449.19472766291
3390.58971294498
3331.5970174623
3272.12511546101
3213.29618281697
3154.88483955734
3093.52718586344
3036.0032853265
2978.13764832355
2923.00073521292
2866.94295710154
2810.21620492662
2754.85060418513
2700
2646.44239663564
2590.72798189563
2535.15728672725
2479.16381021063
2423.62260180366
2369.89324487582
2315.31278311977
2261.31887007067
2207.97492050124
2153.20348575401
2101.16259498283
2049.54940811156
2000
1949.62817407448
1899.84149778622
1847.36485492894
1796.11572305271
1745.02155491506
1693.49009957302
1643.71467473948
1594.2591076331
1544.08756540785
1494.70609278129
1447.34670649067
1398.80597176641
1351.22288726455
1300.25963834931
1252.00553373856
1204.27988159666
1156.42504096162
1108.08067434119
1060.55824299879
1015.5368969123
967.556879679546
919.268437694891
872.88063821467
826.129396191923
778.779587711365
730.139190275423
682.546824068121
637.014151221697
591.474039620107
548.316496624451
503.273945092186
459.557383822244
414.986929203835
371.05081604283
328.447948762263
286.380259988675
246.813463678883
207.444498712397
