4.50896746746385e-10
4.43921051288255e-10
4.40994049389525e-10
4.40512045862818e-10
4.40802186047082e-10
4.40890491198536e-10
4.41452586281111e-10
4.43402002577886e-10
4.47433828210414e-10
4.52775621895648e-10
4.58050576455105e-10
4.61933142525782e-10
4.63862169322208e-10
4.6384964703753e-10
4.61917609461833e-10
4.57954955683355e-10
4.516864902861e-10
4.42827695694576e-10
4.31910176958063e-10
4.21820734228107e-10
4.15868496214108e-10
4.17118561266355e-10
4.24678921723719e-10
4.34447053330008e-10
4.42244740125655e-10
4.46166623998221e-10
4.48844733876992e-10
4.53450025367834e-10
4.61750939592889e-10
4.69905859739403e-10
4.726706545109e-10
4.66130543261511e-10
4.53345142516564e-10
4.396534442779e-10
4.30188623716099e-10
4.25929934567633e-10
4.2401548134053e-10
4.21439445921521e-10
4.16437912849079e-10
4.11160435686507e-10
4.08525497291479e-10
4.11286409724165e-10
4.18731882845196e-10
4.26862171415604e-10
4.31550846811196e-10
4.30401391560341e-10
4.25594055595102e-10
4.20057316993437e-10
4.16536589667196e-10
4.15674705531381e-10
4.16770021207105e-10
4.19098082390958e-10
4.21735727182131e-10
4.23316450785638e-10
4.22413761207276e-10
4.17864971266228e-10
4.105873287871e-10
4.0248383967404e-10
3.95462469228761e-10
3.91002482588533e-10
3.89481052362407e-10
3.91100692903535e-10
3.95997739990081e-10
4.02712493919441e-10
4.08147034737847e-10
4.09128825162434e-10
4.03688980544565e-10
3.95126886808469e-10
3.88182899138515e-10
3.87562273050855e-10
3.94454324810795e-10
4.03583520884411e-10
4.08979910229526e-10
4.05504014574141e-10
3.95008357619152e-10
3.82847881176388e-10
3.74403679866884e-10
3.73803287777629e-10
3.79347256854321e-10
3.8764431663944e-10
3.95319301712687e-10
4.00161006718502e-10
4.01878784163795e-10
4.00361594102803e-10
3.9564826217982e-10
3.88998479268693e-10
3.8226682483278e-10
3.77311871838976e-10
3.75431419488999e-10
3.75746457502667e-10
3.76849857762343e-10
3.77342281811438e-10
3.7667979667142e-10
3.75934871897115e-10
3.76359571809474e-10
3.79135932825905e-10
3.83977094728936e-10
3.89201982221978e-10
3.93074441165781e-10
3.94263456270052e-10
3.93321237484506e-10
3.91346775678056e-10
3.89432710091828e-10
3.8832944606688e-10
3.88279972191887e-10
3.89486214968341e-10
3.92063291702492e-10
3.95345012950203e-10
3.98251719193806e-10
3.99703927665372e-10
3.99150069593618e-10
3.97092469714306e-10
3.94158628623228e-10
3.91030943169485e-10
3.88958537995108e-10
3.89524876730953e-10
3.94314392931868e-10
4.03647797332317e-10
4.1468861439542e-10
4.24115416981118e-10
4.29308653987818e-10
4.31562918828791e-10
4.33529134969179e-10
4.37581320725157e-10
4.43319387161611e-10
4.48750304895854e-10
4.52031003839453e-10
4.53568364923124e-10
4.55369466289837e-10
4.59302914780582e-10
4.64653365964224e-10
4.68716344603614e-10
4.69054524522521e-10
4.66886600125715e-10
4.6576907207355e-10
4.68762805362886e-10
4.73787881404013e-10
4.75891421221953e-10
4.7135510044307e-10
4.64448678299256e-10
4.6254917831062e-10
4.71479903715791e-10
4.883607448586e-10
5.07298632852161e-10
5.23347099114478e-10
5.33865377642857e-10
5.36830849736805e-10
5.33883040544646e-10
5.29265928313847e-10
5.26866177553262e-10
5.2922996078743e-10
5.38510502059415e-10
5.54313203512698e-10
5.73824729815983e-10
5.93934429868061e-10
6.11012919275414e-10
6.22292091754283e-10
6.29662441147289e-10
6.36116953159965e-10
6.42108594740767e-10
6.47431608680929e-10
6.57161746212982e-10
6.77660468453652e-10
6.94267633214494e-10
6.84216267306937e-10
6.7442989483119e-10
7.09638153933257e-10
7.50802177520334e-10
7.36375325149487e-10
7.06511941167011e-10
7.10977094566825e-10
7.28484651787796e-10
7.34737960020914e-10
7.36385751117647e-10
7.43594045289455e-10
7.6405474327807e-10
7.89222770341388e-10
8.00630226810665e-10
8.18694061734916e-10
8.54311020329556e-10
8.46477305230043e-10
8.08274703680343e-10
8.18459356810714e-10
8.57400955091859e-10
8.78343475075244e-10
8.70693664985763e-10
8.85130222676531e-10
9.63587805274289e-10
1.00288082627299e-09
9.97172159054752e-10
1.00048326399403e-09
1.01609331599109e-09
1.01034390712167e-09
1.00398716572713e-09
1.04365113261106e-09
1.07628017732954e-09
1.0900327918053e-09
1.10489313698161e-09
1.13753463960059e-09
1.17816701673948e-09
1.18214713924158e-09
1.18312237480053e-09
1.19152061821036e-09
1.21634028642186e-09
1.23603922155055e-09
1.18038714345859e-09
1.22570915737489e-09
1.25069645561721e-09
1.27665043249399e-09
1.21074684201121e-09
1.22668966767553e-09
1.31023130749545e-09
1.24005213950048e-09
1.25481208798595e-09
1.22410407077172e-09
1.25753396543278e-09
1.26842819181491e-09
1.28041533623284e-09
1.31911064779424e-09
1.3137318496772e-09
1.31037957598155e-09
1.26316702709129e-09
1.20091006305786e-09
1.22082512427131e-09
1.24894398108395e-09
1.2529968312961e-09
1.23730233537355e-09
1.14448852314951e-09
1.12250620547708e-09
1.16336725778704e-09
1.13669018518281e-09
1.08464925310987e-09
1.12551742851193e-09
1.1099607230584e-09
1.14465776704446e-09
1.17023407260359e-09
1.14930454608082e-09
1.11432378064993e-09
1.07108135096864e-09
1.03685945377368e-09
9.68425251972399e-10
9.57226400084931e-10
1.02776439050612e-09
1.01601501663897e-09
1.0110747364473e-09
1.03048144173044e-09
1.01747022523102e-09
9.69016172460064e-10
9.84663411577395e-10
1.01930689698741e-09
1.02966514466297e-09
1.05581497656696e-09
1.02964994290612e-09
1.01238094057949e-09
1.0109186148512e-09
1.00254550766439e-09
1.06425025142298e-09
1.05230812363071e-09
1.01569853527768e-09
1.01970009067633e-09
1.00354632574327e-09
1.06814418100773e-09
1.12936223933678e-09
1.15835833731444e-09
1.1319286460043e-09
1.0461651391834e-09
1.05055142094127e-09
1.07472281569865e-09
1.08820778946444e-09
1.06510210057424e-09
1.0293714118725e-09
1.04036745687617e-09
1.01776540856556e-09
1.02320594879881e-09
1.03195517344189e-09
1.00514242579061e-09
1.03217433966753e-09
1.05273663098754e-09
1.04937832345455e-09
1.04153003219676e-09
1.03360861029540e-09
1.01617857573106e-09
1.00626363900757e-09
1.03062467290296e-09
1.04134623612636e-09
9.833332422455e-10
9.64250996719889e-10
9.68305313760167e-10
9.76775484861579e-10
1.00253242335946e-09
1.01817395956027e-09
1.03713670333216e-09
1.03811038785479e-09
1.0056701072971e-09
9.81887416217157e-10
9.84522600098136e-10
1.00707092465026e-09
1.01630320503598e-09
9.94406445289356e-10
9.89555668568915e-10
9.71843025885544e-10
9.48797638544502e-10
9.51116062088578e-10
9.50301707456119e-10
9.79721286645254e-10
9.99992261989169e-10
9.59860269878274e-10
9.27097007257771e-10
9.15052656887274e-10
9.38919655741392e-10
9.8229094387504e-10
9.59451357821055e-10
9.33704407053759e-10
9.21106544260411e-10
8.98968327251758e-10
9.00841148573837e-10
9.10662411356316e-10
9.26310537560789e-10
9.51611119603181e-10
9.23401987253128e-10
8.91509337196573e-10
8.84034888669311e-10
8.69013166527438e-10
8.94910283095823e-10
9.08220846604267e-10
8.65980884738516e-10
8.75793434295705e-10
9.161540728757e-10
9.1814770635003e-10
8.68742182902834e-10
8.56874703673318e-10
8.73215615144359e-10
8.70135462270278e-10
8.45691795569766e-10
8.47552313465535e-10
8.69545573321922e-10
8.56836384710388e-10
8.2657514861233e-10
8.0745856867346e-10
8.10493481347606e-10
8.08849546781205e-10
7.92822482575236e-10
7.74836886684132e-10
7.81511305989365e-10
7.88726011836452e-10
7.57024570215881e-10
7.31752547921108e-10
7.320269475248e-10
7.30729109970987e-10
7.2542086231715e-10
7.22970976208615e-10
7.23492031551118e-10
7.21161988652945e-10
7.08671818459346e-10
7.00841467130766e-10
7.10258479113722e-10
7.20222933325006e-10
7.16229422251956e-10
6.95496709939684e-10
6.85508024740404e-10
7.03619407608117e-10
6.9890243994993e-10
6.60233845323654e-10
6.40637313850028e-10
6.45942846570099e-10
6.4334983068598e-10
6.37180139558652e-10
6.45952106995216e-10
6.5305595526999e-10
6.40414430509493e-10
6.26004524888403e-10
6.2249419572913e-10
6.14513217069811e-10
5.94008231237968e-10
5.72285233611428e-10
5.60051819874389e-10
5.6305456612391e-10
5.78821102024229e-10
5.86339896719892e-10
5.73156538802307e-10
5.53541197933414e-10
5.42453289588368e-10
5.44878192994774e-10
5.60524053762623e-10
5.73678098726146e-10
5.68941151083746e-10
5.53865373912017e-10
5.41248712744873e-10
5.33985926258405e-10
5.31201950109378e-10
5.31744474427031e-10
5.34298943948167e-10
5.37497153524945e-10
5.39958640696928e-10
5.41383741612397e-10
5.42759713609917e-10
5.444303375752e-10
5.45652793016504e-10
5.46623732967908e-10
5.494306377567e-10
5.55251785228674e-10
5.62845492292497e-10
5.69522377469947e-10
5.70102904192673e-10
5.64133080142933e-10
5.61513830130166e-10
5.66862373439597e-10
5.7139948983174e-10
5.70809484582112e-10
5.71612128106503e-10
5.74785202400386e-10
5.7116205693054e-10
5.62299996843874e-10
5.64326763515197e-10
5.7561636997178e-10
5.72605982607733e-10
5.56438286007726e-10
5.52447014043136e-10
5.60428546726131e-10
5.56376954589495e-10
5.39597187398665e-10
5.28975483341291e-10
5.30080230864472e-10
5.35347659623763e-10
5.38978248367087e-10
5.37722639892715e-10
5.33575364830627e-10
5.33756703232163e-10
5.40531010022646e-10
5.50416836925279e-10
5.60641263705586e-10
5.69852996316283e-10
5.82506751215525e-10
6.04825272580838e-10
6.22137078042252e-10
6.20541073707347e-10
6.19562890104995e-10
6.30278756704229e-10
6.4323170136647e-10
6.54223635610232e-10
6.61772905520422e-10
6.6204695880917e-10
6.75080660280979e-10
7.20393592051175e-10
7.28285651078468e-10
6.98563713970665e-10
6.85450896691493e-10
6.74060914003991e-10
6.65968388305386e-10
6.72034991642909e-10
6.55666452272858e-10
6.28536596342061e-10
6.41596684241026e-10
6.59794582190585e-10
6.50843743543347e-10
6.30303518338347e-10
6.31513068759929e-10
6.62785488630216e-10
6.67477720569504e-10
6.55546995376988e-10
6.57660667883437e-10
6.46000940560708e-10
6.27173156910793e-10
6.24779728673687e-10
6.21969360499757e-10
6.15278903591418e-10
6.20323554906308e-10
6.24388673315767e-10
6.14521112150603e-10
5.9790496885029e-10
5.83921559796525e-10
5.8132966913756e-10
5.95814925944407e-10
6.25223347403604e-10
6.55089917088855e-10
6.71317335189091e-10
6.7423663055575e-10
6.86162600250348e-10
7.05006654845029e-10
7.10079371298581e-10
6.91863377933948e-10
7.07285250910877e-10
7.31836114566392e-10
7.26134646799254e-10
7.37711059025701e-10
7.4177668823743e-10
7.33216464596916e-10
7.49265119153008e-10
8.06296777160148e-10
7.99756345584732e-10
7.50106843742412e-10
7.19285384450418e-10
7.27794094968688e-10
7.4937911116558e-10
7.42579067920288e-10
7.33492735989163e-10
7.45304006920697e-10
7.38211096727308e-10
7.33882995463919e-10
7.28862513095153e-10
7.12536231052146e-10
6.98052867406903e-10
7.0530846235388e-10
7.13347583520483e-10
6.99084945338462e-10
6.77848728394725e-10
6.55122668385023e-10
6.4363077753803e-10
6.57976093718082e-10
6.68910462307484e-10
6.58633789430738e-10
6.41382855304668e-10
6.60301187818551e-10
6.84908471712029e-10
6.57965390418677e-10
6.40825597893615e-10
6.52034643641683e-10
6.61112285814373e-10
6.35009462426473e-10
6.12287975011642e-10
6.43147729115192e-10
6.46401444717265e-10
6.12995692129928e-10
6.07179361126563e-10
6.20579655870357e-10
6.30582302760062e-10
6.26464863877948e-10
6.10665631922562e-10
5.94885734743761e-10
5.97132433191463e-10
6.08821426982554e-10
6.07506544393826e-10
5.9929594028058e-10
5.91707526659004e-10
5.85758893595693e-10
5.95212617775767e-10
6.22678918277827e-10
6.20651383052786e-10
5.99701875973132e-10
6.11485384744002e-10
6.21436899433475e-10
6.08297821639721e-10
6.03559657319218e-10
6.05665306994002e-10
6.01896440568599e-10
5.96932412733982e-10
6.04857491551264e-10
6.36584376530333e-10
6.64431145557024e-10
6.91480914701942e-10
7.23888819400537e-10
6.66713731342347e-10
5.98851387610058e-10
6.23751670011175e-10
6.46554384205437e-10
6.43447582033985e-10
6.49237822037321e-10
6.6334273324266e-10
6.68188712203742e-10
6.59877508611148e-10
6.65300581001655e-10
6.59915610731165e-10
6.43581409338029e-10
6.63283984122986e-10
6.79726454340748e-10
6.70792334810919e-10
6.555312329933e-10
6.41285158996548e-10
6.42899001866894e-10
6.62937061436598e-10
6.64548601348887e-10
6.52364226197748e-10
6.46716317559235e-10
6.50610371965135e-10
6.36576700568715e-10
6.12563133425676e-10
6.23156999646233e-10
6.2953128100413e-10
6.08238980240839e-10
5.86070147417659e-10
5.87671266542434e-10
6.05280187277087e-10
5.90132040087185e-10
5.65577109735642e-10
5.69765707297708e-10
5.86747951647978e-10
6.02842925359756e-10
6.0966300384577e-10
5.85533509937028e-10
5.53073355372566e-10
5.67854623887136e-10
5.95003315512083e-10
5.97162774925803e-10
5.95223315456967e-10
6.07215156982342e-10
6.28867068140073e-10
6.26293907881523e-10
6.11187447449159e-10
6.01539321501609e-10
5.90824871168244e-10
5.98160073525868e-10
6.22996756984651e-10
6.11761933525281e-10
5.78434070828374e-10
5.61929604306392e-10
5.81456900893073e-10
6.0788387462789e-10
6.02841178839913e-10
5.82060543333573e-10
5.63756148625131e-10
5.56863997764406e-10
5.52997010979083e-10
5.53116227756164e-10
5.68746009810764e-10
5.76194933371762e-10
5.61876069807934e-10
5.58313915593821e-10
5.61010001888245e-10
5.51539469017003e-10
5.59136468662949e-10
5.72157290008519e-10
5.38617993964942e-10
5.14337784260941e-10
5.49783139798613e-10
5.82023508955645e-10
5.90165936764345e-10
5.92985475345379e-10
5.80218331624926e-10
5.70876480048694e-10
5.93730997751485e-10
6.02573150487376e-10
6.00030415590513e-10
6.22545784013861e-10
6.25028712469346e-10
6.09144386976001e-10
6.04838900358983e-10
6.1148608242233e-10
6.21464578758346e-10
6.24991794504048e-10
6.2048624845823e-10
6.48410954840048e-10
6.70376756287559e-10
6.33395748846171e-10
6.2799480250589e-10
6.332656586318e-10
6.38418717564738e-10
6.79860029658184e-10
6.72848274056728e-10
6.60485903344611e-10
6.68074688427976e-10
6.46116287334565e-10
6.57320167631461e-10
6.97842347708945e-10
6.9998275012435e-10
6.65022766718286e-10
7.16228133603912e-10
7.06763131528112e-10
6.7783579742947e-10
6.98597781365841e-10
7.19298128289911e-10
7.48504432417099e-10
7.48799930440868e-10
7.2510685571442e-10
7.00833576969303e-10
6.95934250635465e-10
7.13133385309885e-10
7.18855371429555e-10
7.03225755840228e-10
7.10434841299897e-10
7.22012748213238e-10
6.97203744385663e-10
6.69700041157955e-10
6.56321093316713e-10
6.71722086674074e-10
7.0196732325939e-10
7.09488655986148e-10
6.8007735864931e-10
6.49919715876145e-10
6.54582364031184e-10
6.6370734960581e-10
6.32251052060112e-10
6.28139471045261e-10
6.45769566656827e-10
6.62491386455373e-10
6.72470013747794e-10
6.61928923491518e-10
6.6419573924195e-10
6.59852534555602e-10
6.47287525199331e-10
6.81683754900254e-10
6.64811566645934e-10
6.35376845134723e-10
6.52334027921557e-10
6.79060684360968e-10
6.46782262422768e-10
6.48799816385278e-10
6.69764763438436e-10
6.43148038739487e-10
6.16938072387183e-10
6.10743215152529e-10
6.22912420690167e-10
6.37104777237791e-10
6.32632786506083e-10
6.1979462893749e-10
6.00123147135403e-10
5.76546461719016e-10
5.77297164048297e-10
5.83461070091598e-10
5.73007850599182e-10
5.58641499422254e-10
5.43613755003134e-10
5.293291340003e-10
5.22552408191165e-10
5.3249380086164e-10
5.56283158659608e-10
5.60780728347743e-10
5.50593743855785e-10
5.45567752499549e-10
5.33151571081338e-10
5.14096241061102e-10
5.01871902634271e-10
5.02990184793119e-10
5.12349436724957e-10
5.10694730827565e-10
4.97667442615129e-10
4.85682471418805e-10
4.88046702881163e-10
5.0052082630797e-10
4.91822861360887e-10
4.68566234488754e-10
4.6069998496531e-10
4.70843104113128e-10
4.89352770980256e-10
5.01706288730798e-10
5.0844572279552e-10
5.24272864733085e-10
5.32705275249987e-10
5.26326231587602e-10
5.35005942608707e-10
5.51027716664462e-10
5.60449547466812e-10
5.84731275404163e-10
6.1908058007448e-10
6.29599612858576e-10
5.95738137854702e-10
5.79911588115215e-10
5.78476080538132e-10
5.70514294246686e-10
5.80130635202543e-10
5.70053048834134e-10
5.35110703092829e-10
5.25580376844456e-10
5.24769094755353e-10
5.15429714696438e-10
5.12496960891143e-10
5.13656030391054e-10
5.11422533137064e-10
5.10174643013911e-10
5.07599029371505e-10
4.97173200099052e-10
4.85118203447592e-10
4.76202726073386e-10
4.66842785405319e-10
4.57892875375852e-10
4.54367594198712e-10
4.60227109182948e-10
4.75613189305178e-10
4.8910777249887e-10
4.96104375829164e-10
5.04145796781192e-10
5.11374072121209e-10
5.14868080276324e-10
5.21274819279883e-10
5.22815919944914e-10
5.11405629763291e-10
5.17568264831024e-10
5.35743776020059e-10
5.28157519012446e-10
5.17367639994069e-10
5.3034859292864e-10
5.68365458304316e-10
5.80317449080453e-10
5.62456768458144e-10
5.50433247320852e-10
5.3176379636886e-10
5.12518271295003e-10
5.06821114733609e-10
4.98467604725106e-10
4.83788658820024e-10
4.7541296414601e-10
4.76513520591265e-10
4.82057256957516e-10
4.77570675771876e-10
4.60720491054389e-10
4.41173890692088e-10
4.25799548328899e-10
4.18473290840657e-10
4.15386093963003e-10
4.12248629733668e-10
4.12500797416172e-10
4.2025756818353e-10
4.35730174938515e-10
4.55238666754223e-10
4.68842346239236e-10
4.63697913013603e-10
4.30588589708263e-10
3.98440695851452e-10
4.03700397706615e-10
4.2802106687266e-10
4.39010358592123e-10
4.36382661846898e-10
4.27629440614146e-10
4.19415111811345e-10
4.14569801542479e-10
4.10247722746648e-10
4.05206210604665e-10
4.00741550011978e-10
3.98818757692342e-10
4.0174186239609e-10
4.07421363966212e-10
4.09942950356259e-10
4.09229909104527e-10
4.09341559579732e-10
4.09418014512329e-10
4.05941299961974e-10
3.98223390928169e-10
3.87446437581748e-10
3.78532703980404e-10
3.77038263308844e-10
3.79929249027779e-10
3.80496150176622e-10
3.79961048464342e-10
3.83477820735998e-10
3.88955598598864e-10
3.90274892894696e-10
3.87770659269979e-10
3.85907901220914e-10
3.89967779922542e-10
4.0406666380795e-10
4.1536103883266e-10
4.0610649737137e-10
3.9097027623939e-10
3.92262734431484e-10
4.02401239550738e-10
4.06537526688058e-10
4.05792583861327e-10
4.0441412605042e-10
4.02267981261056e-10
4.0371997013979e-10
4.25873606711141e-10
4.60572497878898e-10
4.63009133603911e-10
4.53444743379342e-10
4.72382469878507e-10
4.72975609952928e-10
4.37876932901377e-10
4.13016189247351e-10
4.07042764616789e-10
4.00304980707753e-10
3.95788174384863e-10
4.0573826985059e-10
4.22019578648775e-10
4.30906343170972e-10
4.30159022257735e-10
4.26109097579039e-10
4.34882634961483e-10
4.5172887048774e-10
4.54560881360659e-10
4.49687095082336e-10
4.49325520916683e-10
4.51443296608293e-10
4.5796060660588e-10
4.74232801699686e-10
4.88061775237553e-10
4.89334937612554e-10
4.83600750341442e-10
4.83022275013665e-10
4.94043517444359e-10
5.0615787439747e-10
5.10577861824694e-10
5.0576277290896e-10
5.00056248278535e-10
5.03338305856237e-10
5.15327871699692e-10
5.19431320051393e-10
5.13841754975069e-10
5.0486983249669e-10
4.99304130521504e-10
4.97362855491486e-10
4.97732938475494e-10
5.03057567480891e-10
5.29884476922762e-10
5.47421587367655e-10
5.15456731674405e-10
5.09940548589668e-10
5.25175238297182e-10
5.25517070330701e-10
5.37870684076353e-10
5.39055708083768e-10
5.29530817316142e-10
5.37903969454621e-10
5.3390001535366e-10
5.31601757261906e-10
5.51776248499457e-10
5.7140997603696e-10
5.53740425433963e-10
5.39272567794181e-10
5.55335097989757e-10
5.55355587539647e-10
5.40065240762401e-10
5.26552460257221e-10
5.159833858913e-10
4.89998193131062e-10
4.86617596018747e-10
5.12603185319188e-10
5.1333772072004e-10
4.93940456379509e-10
4.88049853162549e-10
5.20151349216404e-10
5.40630149667644e-10
5.2729611846965e-10
5.03477653081318e-10
5.04401595741799e-10
5.03744921658629e-10
4.82178847772547e-10
4.7295451990829e-10
4.71685299083117e-10
4.65271102547393e-10
4.58899665362608e-10
4.56640182035611e-10
4.56796775137158e-10
4.46522983779578e-10
4.30118829686547e-10
4.28425464187601e-10
4.30987480166285e-10
4.24901035781049e-10
4.36423316648398e-10
4.63446195224229e-10
4.64852153455973e-10
4.60699606338076e-10
4.72909186878934e-10
4.77008138917563e-10
4.81035824913159e-10
4.95789588822917e-10
4.9434685820261e-10
4.72145182461282e-10
4.45783513048927e-10
4.43192190851379e-10
4.56707248437986e-10
4.63210182842413e-10
4.89134955866254e-10
5.17593197889361e-10
5.0301935959622e-10
4.87465361774061e-10
4.98810393977744e-10
5.20416741335742e-10
4.97272412084335e-10
4.7455364456684e-10
5.01188081301067e-10
5.44091605947093e-10
5.66177339467762e-10
5.55591417439457e-10
5.36221691012295e-10
5.401710025826e-10
5.12817670261599e-10
4.8585156401427e-10
5.1984508733369e-10
5.22673055870479e-10
5.02056107491141e-10
4.97761791186972e-10
4.9728520420539e-10
4.82727679359084e-10
4.68687373250875e-10
4.93276094339676e-10
5.12242774593517e-10
5.03038849852485e-10
4.86791829439477e-10
4.66272112993869e-10
4.53409723610293e-10
4.60150891252382e-10
4.6046420930114e-10
4.48200638499899e-10
4.42471968198938e-10
4.34134746288251e-10
4.19929003943568e-10
4.24778424101976e-10
4.40410924661968e-10
4.37542483811255e-10
4.29847808348894e-10
4.32140205886513e-10
4.39955820447118e-10
4.43838093667253e-10
4.3786875396368e-10
4.33611958999063e-10
4.36672814120958e-10
4.40886915574928e-10
4.34878456594204e-10
4.17500546777251e-10
4.13052804105145e-10
4.23391051045271e-10
4.27188151734058e-10
4.24332980787434e-10
4.19893862398038e-10
4.0931760082026e-10
3.95921693949986e-10
3.91527276789491e-10
3.9317807806023e-10
3.9198298584807e-10
3.98016149584112e-10
4.15290734648624e-10
4.13479291687789e-10
3.88932731003591e-10
3.74758165031196e-10
3.8061268590169e-10
3.96116254075652e-10
4.05978828102042e-10
3.98687668766629e-10
3.82950270123921e-10
3.69441616822761e-10
3.64115833568168e-10
3.71410836333642e-10
3.93858099132942e-10
4.24587204370658e-10
4.48778022767251e-10
4.57793692312719e-10
4.54231060989841e-10
4.54164992490555e-10
4.77508240482215e-10
5.07120975641617e-10
4.92281399107609e-10
4.88902117851701e-10
5.012112903446e-10
4.95806302418553e-10
5.20664868823909e-10
5.41258230811953e-10
5.66476231415974e-10
6.01409992468852e-10
5.43866219620743e-10
5.14758211017257e-10
5.2018688728254e-10
5.38280092886676e-10
5.64273480209579e-10
5.49772167659381e-10
5.27541816105847e-10
5.17197332090267e-10
5.0994511130862e-10
4.95534091462192e-10
4.88016113494642e-10
4.88705482555348e-10
4.86464926101017e-10
4.72556174841227e-10
4.5902456951343e-10
4.5635371175465e-10
4.59508319481188e-10
4.50356848340059e-10
4.37058993004425e-10
4.54467706284383e-10
4.58885470545801e-10
4.32177382014682e-10
4.26252238290014e-10
4.36637858953176e-10
4.42611103815308e-10
4.4740255076001e-10
4.50628302588841e-10
4.52154698746355e-10
4.58975683772032e-10
4.62703091894111e-10
4.59349368677632e-10
4.67649695252769e-10
4.78587347408896e-10
4.81910884507821e-10
4.8132674574433e-10
4.61991010899163e-10
4.37570285435914e-10
4.39039778890667e-10
4.46293248008894e-10
4.4414758725283e-10
4.35694468707326e-10
4.22127853751072e-10
4.08258893766815e-10
4.03430046208441e-10
4.06231781871357e-10
4.11400303422969e-10
4.19910858654629e-10
4.30486516479442e-10
4.39962726498632e-10
4.54303858863277e-10
4.72638225041559e-10
4.83900134745614e-10
4.83057978596535e-10
4.67804260956943e-10
4.46824750506144e-10
4.45793302362639e-10
4.49777815531093e-10
4.5382475417164e-10
5.00909970041762e-10
5.10125343144713e-10
4.84539763397676e-10
5.06597057741794e-10
5.1770471073017e-10
5.03684264307127e-10
4.81034528895892e-10
4.68758713630876e-10
4.81627353266954e-10
5.03529325528763e-10
5.09841097482785e-10
5.09784303392837e-10
5.57946845594414e-10
5.75452338092474e-10
5.58108391078991e-10
5.59249884463941e-10
5.7070007569648e-10
5.61154647354281e-10
5.60275297534267e-10
5.36233757498164e-10
5.5902495524801e-10
5.44911163582224e-10
5.33415783251163e-10
6.24314448358603e-10
5.93814803018719e-10
5.6476534660495e-10
5.2501155710793e-10
5.09954066306896e-10
5.06550830254609e-10
4.94717173865281e-10
5.08352604606461e-10
4.8221107568658e-10
4.48293624473947e-10
4.52442204759881e-10
4.53059929119327e-10
4.49054532369433e-10
4.47208219800249e-10
4.410742854554e-10
4.26437371037172e-10
4.18007816840372e-10
4.36008504763953e-10
4.33650153257473e-10
4.12326930055962e-10
4.32834253806403e-10
4.49260913469352e-10
4.37839778530185e-10
4.36316746005032e-10
4.47514447675031e-10
4.56897216115895e-10
4.51055443385681e-10
4.3948276097853e-10
4.34499420327303e-10
4.37884014610032e-10
4.31722460545045e-10
4.24514631354627e-10
4.24573812385509e-10
4.07044103372471e-10
3.86560736296128e-10
3.89957992458227e-10
3.91370704206178e-10
3.78122602501857e-10
3.69149258251298e-10
3.74072377536629e-10
3.9288032445928e-10
4.13898264179584e-10
4.24764701212406e-10
4.21393391901652e-10
4.26684124879662e-10
4.43730502179713e-10
4.45897845299951e-10
4.30996805506382e-10
4.09373325434304e-10
3.92896099357293e-10
3.78988935521521e-10
3.71536010126118e-10
3.87840611246366e-10
4.14519594761426e-10
4.25246168265574e-10
4.21027006780241e-10
4.19276032927038e-10
4.33159954495527e-10
4.41400431107783e-10
4.40244654465513e-10
4.32586505431947e-10
4.07424257333515e-10
3.89537517073712e-10
4.00726503916745e-10
4.07146253415045e-10
3.99452471450803e-10
3.92992562028888e-10
3.95797278002572e-10
4.09946766883471e-10
4.29419498107446e-10
4.31960860626196e-10
4.16481680959262e-10
4.0883606533864e-10
4.10222921015704e-10
4.14826398629947e-10
4.18580185707904e-10
4.17195808861675e-10
4.10301456279604e-10
4.03396019430015e-10
4.04240853007627e-10
4.19960634589459e-10
4.49988542153111e-10
4.58006950136126e-10
4.43586558715739e-10
4.48737654544284e-10
4.62648973288206e-10
4.6416494798526e-10
4.50908036637081e-10
4.41963939106855e-10
4.30694678944216e-10
4.18276531390703e-10
4.17700149250661e-10
4.29781570407372e-10
4.41693028238515e-10
4.36510716018286e-10
4.12395204188236e-10
3.87884641209068e-10
3.83086260331664e-10
3.93992854910799e-10
4.12666633415405e-10
4.28080291549917e-10
4.19018988069766e-10
3.96222053905704e-10
3.92004556033043e-10
4.10134828037464e-10
4.24911212582446e-10
4.02556049593533e-10
3.75498677023224e-10
3.67772405718863e-10
3.69609436005098e-10
3.70946537518489e-10
3.66666389212019e-10
3.65034119553431e-10
3.69550600802523e-10
3.72540774408802e-10
3.70944922740266e-10
3.66368480402178e-10
3.64960274701405e-10
3.69191012584016e-10
3.7395204305154e-10
3.74091787496353e-10
3.67861928176274e-10
3.64521679993639e-10
3.67263883005618e-10
3.66583960369363e-10
3.58740499636191e-10
3.47124266800568e-10
3.47474262353719e-10
3.64735971743818e-10
3.72626267529323e-10
3.68181529250638e-10
3.68994198756115e-10
3.66023596350258e-10
3.57323188417979e-10
3.76114432630788e-10
4.0271435819381e-10
3.87213595012688e-10
3.7968701970195e-10
3.98224264039314e-10
3.93351348621649e-10
3.82685699137466e-10
3.88203415345327e-10
3.92083309841176e-10
4.03525216660529e-10
4.30175255506258e-10
4.39462194018397e-10
4.28717861223216e-10
4.18534258769113e-10
4.30939261039611e-10
4.53412872553094e-10
4.57287599361782e-10
4.36702365950671e-10
4.30204760559008e-10
4.31329247462423e-10
4.35136111719375e-10
4.50145325529611e-10
4.5646426525315e-10
4.49428900931828e-10
4.37211310073247e-10
4.28867436543032e-10
4.31005304018071e-10
4.51781287641544e-10
4.72482729643806e-10
4.49387533342578e-10
4.39930267047452e-10
4.69176269335811e-10
4.90731438655808e-10
4.6277401036876e-10
4.71452133635256e-10
4.74394824933096e-10
4.68851164482889e-10
4.85143748635292e-10
4.69994030073438e-10
4.85340038754721e-10
4.80897337297232e-10
4.58287690277104e-10
4.75554931129574e-10
4.87667443866937e-10
4.64037331063691e-10
4.65972562806898e-10
4.8446909472675e-10
4.58041512105316e-10
4.4735255157236e-10
4.46815351530895e-10
4.60841963312329e-10
4.82369594757315e-10
4.67691364382574e-10
4.48824690815469e-10
4.42916192297287e-10
4.48389020215403e-10
4.54062756523544e-10
4.44363265356478e-10
4.53096727842776e-10
4.59661937848236e-10
4.3041453878546e-10
4.32438981380407e-10
4.47371807770275e-10
4.44473005669858e-10
4.29272594665978e-10
4.31112776427602e-10
4.45246690920481e-10
4.43741217254562e-10
4.20686969033201e-10
4.24817460292989e-10
4.41079043745203e-10
4.47727230830974e-10
4.54922567735625e-10
4.76285114771739e-10
4.68662601721617e-10
4.54758743621267e-10
4.69571674018943e-10
4.8812404324543e-10
4.86775584808793e-10
5.0746535303698e-10
5.27189764593176e-10
5.30388030060213e-10
5.38252437079469e-10
5.39206474825757e-10
5.40733496170632e-10
5.57132996378035e-10
5.67037282772418e-10
5.84481662509203e-10
5.74468863148718e-10
5.83064849667532e-10
5.88568761205326e-10
5.66983535676193e-10
5.9854928146008e-10
6.29868063786767e-10
6.51417679098291e-10
6.36592219363184e-10
6.58930578941602e-10
6.41226939507255e-10
6.09788243785099e-10
6.61974087358628e-10
6.73388913264364e-10
7.27357151854501e-10
8.08334118512612e-10
6.97598896252654e-10
6.84744976195295e-10
7.26485076604906e-10
6.54626920579701e-10
6.75737470948075e-10
6.2389615410554e-10
6.24320203915328e-10
6.70501301980636e-10
6.2194382950558e-10
6.56111415122584e-10
6.69885182508636e-10
6.54373065227579e-10
6.36832650649488e-10
6.46244061906909e-10
6.44612765400696e-10
6.35970965184638e-10
6.46677788752813e-10
6.1343441207007e-10
6.86553182934656e-10
6.91161170828906e-10
7.21074462110627e-10
7.58290461373052e-10
7.29867516633794e-10
8.04507091400073e-10
8.11946916911994e-10
8.55662274248937e-10
9.35890670394278e-10
9.49858842410343e-10
9.46107910467326e-10
9.8926042466537e-10
9.79629263634934e-10
9.5474332543913e-10
9.73785004931304e-10
9.51765553108899e-10
9.39330882100461e-10
9.71851107541944e-10
9.60913535347791e-10
9.81101325505878e-10
9.32209543595091e-10
1.10028258157095e-09
9.2664177227645e-10
9.92037749880509e-10
9.78419133446132e-10
1.01921688117662e-09
1.00569147988993e-09
9.7095123845546e-10
9.22195394879586e-10
1.05320906048099e-09
1.00051478560323e-09
9.6904714513759e-10
1.01782249695151e-09
9.6769373316732e-10
9.50021031427727e-10
8.9334420663436e-10
9.30838500886748e-10
9.36590920823811e-10
9.40034561535862e-10
8.80307912721767e-10
9.04167264769541e-10
9.09358745056697e-10
8.93670180578268e-10
8.40661435834809e-10
8.73873295812119e-10
8.11064247467194e-10
8.58500859110204e-10
8.63688616480632e-10
9.13707341471246e-10
9.08593483210557e-10
9.2009300953988e-10
9.48985819915456e-10
8.86133981320002e-10
8.27313701297043e-10
9.21655337572492e-10
8.0685754539453e-10
8.71324377246093e-10
8.92818385113589e-10
9.70221377972407e-10
8.72063196643324e-10
9.09827740923709e-10
8.77701656939233e-10
8.85863110180461e-10
8.69976409063845e-10
8.88548317887271e-10
9.15463317121627e-10
8.9937535951009e-10
8.94990841890856e-10
9.15339271221893e-10
9.62122448901904e-10
9.08456610300266e-10
9.21130055527718e-10
8.51378858399887e-10
8.71968498418552e-10
9.24159380702517e-10
9.29506076471782e-10
9.10877267284796e-10
9.08161251722258e-10
9.45380090922816e-10
8.76777877709793e-10
9.12783907076137e-10
9.13398604208694e-10
9.46969771286345e-10
9.06208924812501e-10
9.24215390406502e-10
9.31995675434916e-10
9.27888530147013e-10
9.22352643935072e-10
9.10468899681165e-10
9.09699948625702e-10
9.70860859668291e-10
9.34297627873331e-10
9.22415670671712e-10
8.6546618766279e-10
8.84190890593788e-10
8.58760955619568e-10
9.37765616351991e-10
8.7453072097668e-10
9.09265258312908e-10
9.80196333652812e-10
9.01666960844135e-10
9.20084731928737e-10
8.78426096921405e-10
8.24582534223875e-10
8.95936185758884e-10
8.63523214938e-10
8.99894861130377e-10
8.69967478847183e-10
9.06979585974996e-10
8.64528846954719e-10
8.71825249246309e-10
8.71818600557979e-10
8.82358048940499e-10
9.30326573840235e-10
9.0048584376917e-10
9.28800195453839e-10
8.71603288350708e-10
8.71609286460982e-10
8.49853867604691e-10
9.19398022406957e-10
8.06852504415279e-10
8.92256437556105e-10
8.30812665297412e-10
8.16104781312084e-10
8.24153108424768e-10
8.559517024739e-10
8.45321740255426e-10
9.29518212568838e-10
