210.906708688182
210.736545288704
210.770020109275
211.064566129675
211.481576106052
211.556745910809
211.144486799932
210.75907085103
210.805026712657
211.309190665987
211.975759019023
211.991610624185
211.310838266109
211.184320249113
211.802033508754
211.822047636465
210.984961737531
210.399455949093
210.463354644451
210.612571175867
210.55465566242
210.569672266283
210.845112050448
211.197415025702
211.409284366681
211.324653296636
210.986211731948
210.928358427468
211.378604505876
211.683821948056
211.473855872262
211.020994966909
210.715459778591
211.01041270658
211.706402267423
211.677078231794
210.637397467229
209.915295796014
210.292625432303
210.903952330284
210.959645394816
210.82659096295
210.997180628172
211.162261447536
210.866849590204
210.452696874108
210.481858469626
210.862610493072
211.215327328216
211.342955403231
211.17983903249
210.905742719038
210.896183986025
211.158431160143
211.309249385081
211.179371224708
210.892016421092
210.558362814267
210.232420692263
210.006415985016
210.131417118712
210.799089724617
211.503265132565
211.493107842313
210.883245650825
210.374656966552
210.27867405787
210.518915091378
210.931682765916
211.226911625628
211.205206018953
211.020145005374
210.856560893503
210.691550660362
210.458203313576
210.244051111953
210.213984098279
210.40835804088
210.710208713438
211.022494516448
211.324865704202
211.558369710896
211.455142517063
210.809641560447
210.126987061079
210.113021800695
210.627721376918
210.965421197303
210.815806116507
210.464145998014
210.187193722401
210.083041620411
210.187273282904
210.338785203316
210.305137959945
210.177192564359
210.341999518703
210.800071409752
210.90779469519
210.375987774342
209.932620761479
210.200261863709
210.751029425465
210.971515401715
210.845541470211
210.620735233923
210.485133832911
210.571886461378
210.767117331635
210.690026528704
210.294408218588
210.055419672309
210.212924227291
210.407094637464
210.328095644513
210.109927725629
209.982843202394
210.177579599725
210.820160241662
211.364421985794
211.191449159483
210.755082273639
210.725317241326
211.05570693904
211.441897592945
211.402168316226
210.869805441161
210.815152025423
211.408596713184
211.42178712665
210.990360682376
211.461549486462
212.044861377679
211.336374623588
210.535010450022
210.772534869416
211.159319204518
211.093427032974
210.737625411851
210.557989914855
211.000028227166
211.410757191723
211.309706862553
211.781870339397
212.485661288824
211.929215331328
211.582899033798
212.044104025835
211.867003150235
211.503418647648
211.509266498268
211.364140303327
211.6801826224
212.69233460851
213.100233529365
213.340336241558
213.514562772751
213.360793925598
213.685537788159
214.175430502691
213.978852626
213.521794647244
214.325175722076
215.559586427264
214.658138227381
214.293577599902
215.781337691652
215.679431418259
214.488262368749
216.019826669952
215.334643119113
215.318107509124
215.576624990902
215.843902524251
215.736338375377
216.388685517885
216.977100330131
216.50391158654
217.164897644361
217.834192151437
216.827712151996
216.562402532426
217.598948686841
217.522025161907
217.923348971669
217.830086860809
218.28989045349
219.496803100024
219.228615042805
219.115211711846
219.450338978096
219.543429815198
218.925863847709
219.79088085862
219.91493190991
220.05553912406
220.312247490612
221.160845408214
220.585590595487
220.936932299056
221.505249795806
221.125127937238
221.372366992976
222.011010663111
222.442534494498
220.618932833093
222.232681936626
221.882162902866
222.577248101712
221.436230027013
221.958774991125
222.679395122179
222.182109337399
221.556504604115
222.186287120496
223.05499353568
222.356135013487
223.035743815547
222.325835683695
222.769985536141
222.031802268858
222.508722559484
221.320722215166
221.5287231299
222.631781081856
222.138664213363
221.840227888571
221.602147855215
220.40510761304
221.499491829459
220.204276509809
220.387942045189
220.583735112304
220.31877702308
220.717480503256
220.977874014837
220.738173632734
220.454425460438
219.803962016501
219.250736217317
218.891455873336
218.337081841502
220.173126115116
218.557226214622
220.051843835127
219.154284768452
220.019512278579
218.366714953025
219.570490646517
219.13814406891
220.045555896817
219.353605280586
219.382505695239
219.80811805118
218.889342369262
219.339902837827
220.27839222216
219.697365562236
218.933364460721
219.385639401336
219.033434005649
220.367049005235
221.268442483824
220.257767374773
220.807156573523
218.892592675877
220.448961914298
219.730265719856
220.042641107749
220.14140268464
219.772410853481
220.137551025498
220.107850982607
219.762888409776
219.144836451401
219.385024784333
219.56984871848
219.977256710662
220.0015325715
219.93750998841
219.583434545037
219.628465396649
219.397967266884
220.306847852165
219.704197342853
219.39241931593
218.866116559025
218.911178039398
219.540386628397
219.295297228847
219.902761187828
219.562344224886
220.211407912348
219.056379398194
218.952110248395
219.639434568358
219.167294368196
219.585432660607
218.998156910916
219.322046136073
218.828691790984
218.627713962935
218.827439372026
218.938999294899
218.949775331647
219.528594605463
219.33158651194
218.055548047863
218.578891019419
218.419374780812
219.545255610806
218.673493051427
218.86266576461
217.474279784098
218.629486662382
217.909419226222
218.163744863701
218.940239459507
218.013765795573
217.880573560355
217.789128449883
217.648345207211
217.556212793964
218.578031342437
217.892993869613
217.059627484231
218.067816369049
218.812898015184
216.945555546817
218.141619269739
217.477958373497
217.677392098269
217.676348714487
217.029506402181
218.058296471976
217.104021186928
217.437188873914
217.190263579564
217.04747579259
216.553473992989
217.059684555138
216.547686777012
216.368488546303
216.648861439077
216.75873945769
216.559878973842
215.246459698824
216.378621038104
216.101362222907
215.50539902279
216.436941867997
215.400137028235
216.283614698784
215.616844884494
215.996641447267
216.598096785805
215.971238845506
216.466100819374
215.398956026593
215.17328782057
216.157249203187
215.8453883456
215.150040232953
214.627519071321
215.764957539177
215.643082312722
214.724942111219
215.166274925567
215.624060435471
215.180633494495
215.054026434662
215.179329901513
213.720828120888
214.142546518675
214.446058269612
213.530623878907
214.496192141675
214.955868459677
213.640455432636
213.39066387257
214.288557434674
213.723477891443
213.424994436719
214.27417690436
214.142857303237
213.220586896781
213.804696463016
213.109688492184
213.465352618378
213.759071121244
212.633958595149
213.296696847465
213.465179007033
212.913727158094
212.914263076397
213.544552800386
213.6772172683
212.656552625297
212.954556747686
214.394546726248
213.535310224122
213.323684968074
213.327223497518
213.495547873023
213.482992804556
212.960705218238
213.202723579637
214.021305712892
213.525298837065
212.325111107292
213.093846356798
213.939965406262
212.050572236053
213.0886461425
213.173580746036
213.10482435548
212.711888108016
212.011205942378
212.529552164225
212.944819487621
211.342849126659
211.684250849792
212.517136842598
211.806073149224
211.887734000355
211.893911864644
211.417707446974
211.501724773259
212.150456181299
212.389274089672
212.332546935082
212.486963846469
213.190876792427
213.171728577677
213.418910740955
213.38321819088
213.954548711923
213.642545977173
214.188796360137
214.758990724397
214.261903009676
213.882846194982
215.196777535918
215.274326337995
214.967513207653
215.002472171822
214.695760112201
214.421397734433
214.593999271376
214.137866753252
213.853319386487
213.768697646171
214.155249140462
214.052939649194
214.074968581286
213.608430260766
213.613301838313
214.770907370375
213.75800122468
214.254857480329
214.018261146346
213.323239343901
213.637905266884
213.345706474895
213.268311381465
213.007941263264
212.871694713283
212.928955777736
213.105099474208
212.87683600983
211.786281265646
212.098786066362
212.792503082593
212.723051311825
212.897908910056
213.875660179136
213.486481381461
214.163721485262
213.644303005189
214.361820407387
213.194974764517
214.54035512164
214.47385637516
214.312103701074
214.511378873245
214.553419319347
214.370271089214
215.502304113249
215.135157283346
215.403527395119
214.331878018022
213.844432785593
215.065520378963
214.643164666861
214.536683300123
214.554967241629
214.236502811577
214.43107752195
214.84236973274
214.312240535815
214.558975678848
214.546602729902
214.454349260544
214.489791110913
214.026913727382
214.307974452214
213.469906140154
214.211548416008
214.500196306881
213.585336910587
213.84809169054
213.899434782881
214.447932789469
215.054192640732
214.108057716139
215.30743175728
214.768429051601
214.88137109763
213.738550603135
214.4688684633
214.772434653841
213.540822005257
214.283287076194
214.572582965651
214.502257617866
214.788772689459
213.98263987012
213.744154472804
214.294895010127
214.573250652769
214.469172673728
215.198941125876
213.987072898478
214.62802920152
213.751137130895
214.654336006663
214.584864403607
214.83447469829
213.628541704395
214.80350303187
214.255644686291
213.739315614811
214.4573546902
213.79470780579
213.874583553173
213.884331226442
214.098580020745
214.734255459622
215.275534173116
215.327372651355
215.809368986995
213.837927762382
213.970788605742
213.854176343982
214.431847398695
214.253049234293
214.147081651581
214.817557205666
214.130310537946
214.341623816795
213.990766056384
215.154581800877
213.69732032373
214.17640205237
214.897374904193
213.399822200293
213.655141522851
213.113305646565
214.227045670418
213.676175914894
214.51147303991
214.264917762811
213.542567279448
214.128109594915
213.125336587548
213.381220834227
213.877171741342
213.615694369961
213.164257338397
212.954456110599
214.16145904379
212.612508096405
212.941505353658
213.208532267734
212.950507720935
213.069373897481
213.845867248065
213.329375895378
212.787040095729
212.522930777334
212.972898559708
213.368210250825
212.798978037494
213.922138598
213.357612974688
214.707804697091
213.855273478585
213.685811291337
213.290407243184
213.283160175752
214.007788802707
213.948631420381
213.905256545158
212.632935335777
213.099057604436
213.349027150506
213.425598924704
213.387137795408
212.876021855467
212.482114944524
212.972325164786
212.308937837407
212.319584005395
213.042264738083
213.089332306824
212.076124577648
212.713493189704
213.437607114151
212.468050041638
212.141615113918
213.009152866815
211.252601584399
211.965080063341
213.40864787151
213.433522521386
213.265868378262
213.243248367107
212.60127537658
213.126200552181
213.570224567673
213.925858369835
213.641164352847
213.950364898171
214.366433983326
213.479418358302
214.04714138533
214.218200035449
214.039362885741
213.823344110899
214.441790028826
214.722259940532
215.036347112014
214.596329682094
213.530557902371
215.355876590356
214.399956799643
215.444841283631
215.150991928557
215.125356604638
215.047161696458
214.499709116617
214.737339779091
215.057325840553
216.062219685595
214.550196461639
216.342272840777
215.013158844639
215.31009120405
215.558773484637
215.90415250409
216.189101111571
216.509587579682
215.246756159872
215.136144345769
215.396519117616
216.278924617063
214.691631622865
215.853229934463
215.207300481115
216.009096434559
214.599681140507
214.354503728829
213.865428440974
215.142744938047
215.476225680994
213.942062843112
214.442372590592
213.829415935375
214.707724084161
213.626478385453
213.495363923913
213.93263749197
213.748753200306
214.147053267163
214.249185364187
213.938504107498
213.725572460833
213.931165253205
214.536546644247
214.249640681059
213.601355541105
213.122082159062
214.638420134817
213.118970637938
212.875546658762
213.838567808716
214.061123724993
213.740239111999
213.722860210272
212.92675730542
213.046332595831
213.773616403873
213.160957896276
212.904795890132
213.28427365938
212.229255461142
212.76955408638
212.749037213594
212.446833810934
212.332773235847
212.372454593535
211.907803508582
212.366030594961
212.135542871609
213.035267915514
213.044011310138
213.213603831886
212.872818764953
212.388511957564
212.176057530819
212.000290001617
212.370029848239
212.999768926414
212.447105129875
212.408462998684
211.790176901329
212.396869061566
212.436163649425
211.707270975167
211.34663612154
211.324172118423
212.012779035816
212.567313432837
212.6372802096
212.485932812044
213.069471585377
213.127875865301
212.839010252038
212.757744068105
213.159435167304
213.756214769613
213.963256159334
215.007014382345
214.67276129804
214.069901901481
213.508890193057
213.929777392475
213.891019254556
214.030158297548
214.002214726869
212.487368909773
212.811142916313
212.534892800312
211.691010494361
211.878066591501
211.854861056268
212.66086905836
212.354306191331
211.356779629427
211.609201302946
211.439763046089
211.132743094475
210.745103558641
210.945354136834
210.797334529614
211.216559657423
211.304495345104
211.712211743494
212.208756924562
212.063785323435
212.349634193261
212.180981218765
212.627242148538
212.286788257301
212.110009494712
213.04685119505
212.830580260778
213.029642537339
211.37294693266
213.936832880127
213.760399035123
213.646812827452
213.622301124508
212.473687744804
212.454050242913
211.546995269222
212.428178874407
211.504739295777
211.404828393777
210.954360853352
211.971324417889
211.9661730131
210.330344472716
211.49067251138
210.057528196168
209.94137244643
209.641266857896
209.326822761473
209.886147330873
210.399580820908
210.329809120974
210.714527902899
211.002792389387
211.284824030734
211.446801296302
209.868106990361
209.309238324131
210.465523906962
210.75197120773
210.211589448506
210.080905241678
210.142332290728
211.133154857204
209.939479559943
210.15274017836
210.060244460959
210.108715619418
210.165639494961
209.802293062121
210.495861139228
210.164761824064
210.317493742524
211.071795628412
210.771177845814
210.099658779313
210.042034321084
209.538739308686
209.619501250659
209.85356292789
209.875315206158
209.857040693112
210.026408497927
210.324159408833
210.50112119186
210.260307639857
210.168609652074
210.118119571149
209.745833442526
211.73082441374
210.881760820209
209.934407389304
210.552989428001
210.99672526884
210.575590076926
210.156140642524
210.969930951533
210.15421203789
210.546101942964
210.652793653045
211.261127035033
212.136179402065
211.220722254393
210.729545447965
211.852844642737
212.050236799526
209.978789675988
210.091661117802
210.265073531303
210.167508953786
209.062860950155
210.583141218771
210.169334417369
210.560845498726
210.883926274884
210.348165734106
210.752691823663
210.753055314383
210.801205673992
211.456464170969
210.992967478393
210.476265246091
211.266367074144
211.903060264997
211.686870622682
212.136996580985
211.564815442618
211.729653360336
212.160279760386
212.198386639511
212.475378585169
212.419348982278
212.513169593846
211.742677154564
213.122163644255
212.643691661853
213.037430129636
211.824175534146
212.542441647836
211.935518707234
212.674491351425
213.111542671836
213.48353806687
213.085929096203
212.771962329833
212.965678594887
213.2535915618
212.960797736357
213.947568268425
212.678901427197
213.769303217099
213.415666943812
213.435021047464
213.710269298178
213.577170798194
214.230139159346
214.113429672377
213.593829172869
213.620917982601
214.708798256238
213.84768597507
213.510675864281
213.077547049361
212.512794980639
212.24200607969
213.503669874262
212.694325292831
213.151713174796
212.300565969116
214.251610294175
214.020473808738
213.035389047371
212.583730817952
213.779097949072
212.74148880299
211.72498719534
212.370685229542
212.423859760241
212.256238422514
211.42982560261
212.167680204779
212.408525725152
211.613156435405
210.686987379601
211.482470497875
211.366653161016
211.212305506087
212.039392042266
212.584579601458
211.633828312717
212.53927114348
212.201054753459
212.670274808331
212.806915133362
212.845675474958
212.531035738032
211.639929724664
211.645900421275
212.005965831798
211.884981118996
212.241682142319
212.851840864665
213.767964765037
212.382876989795
212.604061917055
212.736168709616
213.015877345785
212.318974975806
212.649597761996
213.09150521697
214.159959666891
214.1728075835
214.208324614268
212.796160555888
214.836124949097
212.067925156628
213.477587385895
213.170890600929
213.367470679447
213.297551817415
213.250805687754
212.441037929468
212.567832378806
212.792118781673
212.856933055564
213.435538161541
212.583882131825
213.25936944056
212.893789319478
212.564993819737
212.937047922129
212.494053277919
212.052840006384
212.077328586765
211.823198093096
211.831065762393
212.117213030039
212.095657853512
211.851249052318
211.850833002492
212.66743494385
211.76743976794
213.070170458213
211.600017813471
211.729552456267
212.209812430074
212.307900205705
211.94644687433
211.477641385396
211.739695405847
211.682799693011
212.803748203711
211.475813234919
212.289565083568
211.269746660159
210.847023251083
211.120098640265
211.006588809277
211.461301249192
212.108009225505
212.273129457309
210.894348233072
211.857437929703
211.351926480796
210.960968601341
212.426418911932
212.297754697535
211.989934352538
211.657306523129
210.594173133964
211.339344855524
210.943775615143
211.8782351839
212.148687573522
212.878996610991
212.091850438047
212.210997981695
212.25554716786
212.884480705706
213.844066930488
212.282015516434
212.755039873337
212.996426093553
212.216152979784
212.977428263493
213.841742593809
214.311639938035
213.943708295455
213.012662029697
212.937438541334
213.291323547519
212.823960008151
214.864972062469
213.484290516868
213.090486431302
212.501578836192
212.097096001969
212.656852353013
212.32032316057
212.190712583863
212.109160975187
211.404596820888
211.564101702545
211.326501168666
211.33171824723
210.899013451174
210.953110040478
211.513269942749
210.875628305564
210.486002594994
210.333214628317
211.075046244879
210.599191632443
211.521402512993
211.312878526238
211.598597005436
211.426591459913
212.073755861662
211.712574808696
211.742626160045
212.326997217187
212.128936740605
212.311441393171
211.023081825654
211.282903734328
211.745975318857
211.56665161755
211.18179026089
210.720587226551
210.896010558072
210.346791558155
210.241033305363
210.737810180772
210.643644566076
210.691831461379
210.861283562077
212.445314933126
211.247023917424
211.731873298601
212.004401792921
210.949278314449
211.189685807013
210.877580871297
210.446455584824
210.503386272744
210.482859829397
212.282015072285
210.980047835153
211.060727230785
211.222192476768
211.821616687056
211.40749648766
210.753703110096
209.925038414996
210.654901067176
211.282442752517
211.068361953819
211.238947347777
212.629326401575
212.463252355994
212.659790621029
212.292374763963
212.749808332429
212.621370902219
211.973320409906
212.258737819769
213.530286880982
211.22732882324
213.152230480251
213.216365650653
213.732443047407
212.154222936371
211.268767547838
211.914450844921
212.577438431883
211.32178731137
212.333966839755
210.796012809922
210.603006864914
210.990780381358
211.403688404637
211.003569350362
211.298391894305
211.092801975567
210.324926023759
210.55418800442
211.515694637503
210.703896401016
210.358688237497
211.617811627784
210.626673855777
212.146272993652
210.745491783324
211.77503525716
211.25108047365
211.822168329802
211.489893700677
211.203468522839
211.563017508057
211.502520108358
210.769538064234
211.212131702334
210.74650891968
209.782748197608
210.600531561096
210.363048889541
209.653319752343
209.615898628937
210.054132363011
210.574431770573
210.360691022176
211.152853215715
210.766204002117
211.697195011978
211.332536944205
211.327876945876
210.980820065603
210.074995239758
210.418430132831
209.418540845561
209.772643480592
210.249089912257
211.476019185785
210.825533627642
210.757767319837
210.339566974713
211.878607691219
212.064222254584
210.380858821384
211.227281891723
209.801517499934
210.326317034219
210.132436139708
210.05613804732
209.657390380056
209.646165607765
209.888619684379
210.524841447795
211.004438541544
210.657837834143
210.415865247066
210.047091757266
210.142214239989
210.632692768413
209.814796820683
209.850229061185
209.285162305932
209.969475321887
209.784134411138
210.709734613508
210.99754884405
210.950188111625
210.562511853754
210.798711676677
211.800551007479
211.348785020752
210.582927786761
210.596570398162
210.600221855492
210.089982404542
210.354943713171
210.538983566138
211.392032148984
210.429870901797
209.750710291292
209.832162146541
209.293351949019
210.28976652536
210.377110800957
211.136903214701
211.03116001165
210.196874896723
209.638996098501
211.585825882319
211.238832072335
210.151480095771
209.588877544555
209.761245209716
209.307322989339
210.006027048332
209.277844425298
209.249952297546
209.958307041167
210.0646369393
209.014663250095
209.971604515972
209.752815564348
209.178465490117
210.359823747845
209.499943727926
208.967475540114
209.923879015727
209.868700554531
209.439304841583
209.523591459563
208.969979420745
209.585214459914
209.92288660272
209.395330492065
209.585366483089
209.73051682019
209.632611058202
209.128766944176
209.753826609584
210.109022039815
209.807079899668
209.770716806005
210.198378235497
209.817151699263
209.658131975587
209.616396621062
209.403429253632
210.18653189118
210.727908935221
210.285393432137
210.407735636313
209.751477698082
210.032467223567
211.220001221412
210.502326532329
209.79347007879
209.884876646151
209.485622879882
209.685062748094
210.450605517488
210.398237737496
209.733666631271
209.727468170194
209.534415593788
209.867551503991
210.729414372595
210.478127996565
209.44274787039
209.819939975638
210.89079409345
209.991805809526
209.760174682544
210.529649114908
209.504194372614
209.991930749304
209.943376737704
209.813753097236
210.337498024529
209.797571788894
209.886968020633
209.623474666448
210.435438762945
209.552049171116
210.040897962488
210.347347974113
209.757975285959
209.344931540601
209.760570595037
209.470617705882
210.598328152521
210.388582266589
209.593310717841
210.22029352378
209.663533800131
210.335703997199
209.835162104464
210.029091525467
209.336668275941
210.065422793735
209.998931173391
210.247637114591
210.351223230888
209.590460296444
210.262029378452
210.481323001447
209.990939040459
209.926645118798
210.097525385324
211.007800992587
210.479270058816
210.724616575704
211.564162030175
211.058628099911
211.056972888368
212.122278136837
212.073197176459
211.77102175297
212.660723196849
213.244396226228
212.503405074866
213.395453355102
212.591527072671
213.592695590232
213.240527749516
213.864278587578
213.934540184998
213.523835424633
214.303389696761
213.606311109139
213.629881758826
214.587677555007
215.105086204134
214.348385817384
215.32646184792
215.365582689064
215.016420878033
214.165774745624
215.497528128761
215.980898970578
216.446704260619
216.108058892927
216.608375589185
214.922043275886
216.165641875191
215.257340587648
214.508567429665
214.501813702535
214.361272635305
216.052407119694
214.368141778382
215.182068928477
215.225008471322
214.168304612715
215.261541567511
214.298909924025
214.504709199227
214.512952479819
213.928168683055
213.617150645994
215.359760958489
215.620187177769
216.063334783408
215.259165444326
215.787971714115
217.383197514912
216.964784431073
217.561738500282
217.761694243501
218.544786275386
218.715851282743
218.341849937183
219.567339346487
217.609337119142
217.345171930739
218.909623227093
217.682770210835
218.033277178151
217.906871111596
219.54238241413
218.785726842073
219.925342478073
217.53696898466
219.187103503561
218.667715997269
218.425196199172
218.375733281132
218.299057768408
218.562651109804
218.841671162038
218.398276579261
217.393371698894
219.163699360407
218.372563571626
219.237264720222
217.337137659222
217.864916367686
217.593321535336
217.688312060427
217.308137907452
217.210374026306
218.107992013074
217.694640295046
217.316090791707
217.580202382408
216.381165770676
215.893377086979
217.339381594657
217.524518759186
218.859771605568
217.612528573866
219.128917703184
217.549327990395
217.326844390612
217.160188637233
216.511679022643
217.817572718984
217.902605482613
218.357989889613
217.007304621053
217.282424431672
218.136841157361
218.107556950368
217.653325037241
218.44006721484
217.566867902716
217.786811698922
217.679715242672
218.865258529387
218.391781222076
218.068165117376
219.347921369041
217.34112105728
218.985766110825
218.283520412878
218.708423970884
218.268698520425
217.768619561409
218.529695414804
217.60378393281
218.17938056563
218.254325361551
218.083721727443
218.416626613103
218.011372228745
217.894375216027
219.01979218299
218.054089913975
218.643519998691
218.865028956011
219.345374949083
218.483988554876
218.602028973496
216.725696801926
217.149357184909
216.285155717712
218.148782380686
217.834682218098
218.660421724504
219.125489062013
217.962639118071
218.118221352673
217.713434284678
217.62005743265
218.678014715456
217.537546494343
219.866628137633
218.200469284708
217.319085629882
218.023987087329
217.252318895816
218.581878355582
218.784976086399
218.76026465302
218.095489408512
219.111976462
217.759715179794
217.881106099636
217.374041598374
218.39332202154
217.569701573041
217.58675470093
216.9318254351
217.68683722884
218.085385895203
218.596794745731
218.995977637646
218.552745278548
