3198.41729753243
3198.37200174963
3198.33112089433
3198.31652057368
3198.32686859818
3198.32170536858
3198.28088981529
3198.22977998356
3198.19822872218
3198.21471194474
3198.27842769043
3198.33339407889
3198.3595374687
3198.40322869996
3198.46716302283
3198.48926440262
3198.44763400889
3198.37225078614
3198.28245393264
3198.18101592208
3198.07539761914
3197.98294386939
3197.92166809864
3197.90876099982
3197.94019309896
3197.95566064927
3197.93302022242
3197.97389623236
3198.11901247078
3198.22475772918
3198.21060392837
3198.13603323542
3198.06664812209
3198.05891396913
3198.09892589207
3198.0739976585
3197.93990509377
3197.78692706713
3197.68088244564
3197.59904496118
3197.51749913689
3197.45474745965
3197.42943797495
3197.40628900618
3197.34266305311
3197.26476965981
3197.21859180794
3197.19930533514
3197.17972914092
3197.14709179659
3197.09862646867
3197.04439558363
3197.00485759063
3196.98650704313
3196.98042049048
3196.96749156069
3196.916939141
3196.81872615241
3196.70292823891
3196.59934535267
3196.52111986405
3196.47542961651
3196.45292326562
3196.43634678927
3196.40162012269
3196.32173939013
3196.20864001281
3196.11157658935
3196.05943870527
3196.04249725517
3196.04482047875
3196.04275817884
3196.01495027105
3195.95865483443
3195.87727604032
3195.77992288335
3195.67875633863
3195.58838749267
3195.52645210953
3195.50136888686
3195.49743807804
3195.49517217504
3195.47517322465
3195.42228496414
3195.34717266373
3195.26930903705
3195.19626538064
3195.12743361439
3195.05670681769
3194.97014243448
3194.86013258344
3194.74128331723
3194.63051308601
3194.52933103557
3194.4329395522
3194.34724382262
3194.28783783473
3194.24848413498
3194.187007933
3194.08327047738
3193.97944816745
3193.91360298471
3193.86894291211
3193.81704655118
3193.74631446323
3193.65398228268
3193.55613396835
3193.48209515277
3193.43310393252
3193.37908809232
3193.30481331831
3193.21972425419
3193.12902470452
3193.02440335633
3192.9039140255
3192.79378309663
3192.72113190609
3192.68424683704
3192.67008296108
3192.65655127783
3192.62482836698
3192.59417429884
3192.59120562864
3192.61566785749
3192.65326979568
3192.66805788922
3192.64985638217
3192.65828768757
3192.70701263338
3192.7274518981
3192.73719897791
3192.82760334933
3192.93404283095
3192.94239735086
3192.9052347976
3192.89962391869
3192.9423947422
3192.99391008894
3192.96731626316
3192.9036159445
3192.90458721135
3192.93665121025
3192.96592120971
3193.09426419666
3193.30106164217
3193.44723038901
3193.55517321641
3193.65907406852
3193.74556756029
3193.8288396751
3193.93831983027
3194.10437554394
3194.31689657515
3194.57368614341
3194.91172336335
3195.29360138
3195.6959055111
3196.1278390873
3196.58489415913
3197.07339252786
3197.58650679313
3198.12012829921
3198.6972585627
3199.33029576486
3199.92844582814
3200.56660423793
3201.34132679175
3202.14107604836
3202.84985556514
3203.58194972865
3204.33792640893
3205.08923147421
3205.87350990191
3206.67320032947
3207.52703475187
3208.44246380979
3209.40938211214
3210.44139537646
3211.53789783254
3212.67629055086
3213.75790141325
3214.78401245414
3215.85200258242
3217.01423477822
3218.2237719029
3219.44513445009
3220.69479037357
3222.18018784482
3223.72419248465
3225.24811606383
3226.78854704876
3228.370061773
3229.90987142093
3231.47321822711
3233.1177607978
3234.85723341583
3236.63538329451
3238.41368396885
3240.32869885247
3242.34966048046
3244.37008835602
3246.38683989807
3248.39895961297
3250.52137812963
3252.6255539941
3254.66660138961
3256.7510641328
3258.92467500073
3261.11632325182
3263.2136915139
3265.37776537877
3267.61813368575
3269.73941745174
3271.80544445168
3273.87895362791
3276.03234996903
3278.2665484044
3280.47239144324
3282.74769296297
3285.00835458898
3287.26037127839
3289.25041446957
3291.2205975782
3293.21675498039
3295.21774907445
3297.2047357656
3299.04863248984
3300.63575075604
3302.16717129931
3303.76898902999
3305.30337674877
3306.65804839004
3308.12768502902
3309.50849379781
3310.99606889312
3312.50621099613
3313.92788228238
3315.27684357646
3316.39351635951
3317.38635868195
3318.17290673765
3318.98346830276
3319.94069390493
3320.89785238311
3321.77193055011
3322.66492394286
3323.4368531007
3324.19795476591
3324.95522459277
3325.73091070969
3326.59939657255
3327.47627151559
3328.27236355006
3329.02596041009
3329.74203966033
3330.43107057875
3331.27343405194
3332.04763762477
3332.67558051744
3333.32530191348
3333.98991945272
3334.79263595917
3335.72095916706
3336.81109083175
3337.69712567109
3338.38824973282
3339.07660383676
3339.87452520599
3340.57935488052
3341.30017232577
3341.85825522235
3342.4582793436
3342.95828375302
3343.49446486329
3343.97726832373
3344.47139882566
3345.00175585603
3345.5622148053
3346.09182291843
3346.60775725937
3347.06684033656
3347.43172429256
3347.82283799411
3348.2667126615
3348.63731693583
3348.88510300027
3349.07963087964
3349.23147323563
3349.49040189515
3349.77163416339
3350.11056413054
3350.40295135954
3350.76031698406
3350.94689423954
3351.09592563596
3351.26697718726
3351.46284623278
3351.65244959839
3351.80239673771
3351.90292089341
3351.92519677244
3351.88531234329
3351.84734522621
3351.8334983874
3351.86179529939
3351.91255725297
3351.86534429032
3351.69223128297
3351.48908001328
3351.35874255448
3351.318735531
3351.16679197476
3350.98924438075
3350.72263933729
3350.39826823515
3350.09694751171
3349.79022898587
3349.53510991001
3349.34854974088
3349.0387613758
3348.65174551766
3348.18745992835
3347.73110696508
3347.32450299832
3346.88839609969
3346.35701150862
3345.88883815766
3345.5861016887
3345.14817756299
3344.58859626713
3344.09425840473
3343.56456525559
3343.02144968479
3342.43974079439
3341.89699035795
3341.30710962131
3340.68314471119
3340.00914782201
3339.36175046364
3338.68515639444
3337.89834921462
3337.16719968887
3336.34712439366
3335.60741401502
3334.88557619587
3334.09785511658
3333.07277923044
3332.20241566389
3331.28375589282
3330.38659152219
3329.50599021788
3328.55099143865
3327.69093695325
3326.76447739568
3325.83915047914
3324.96885576035
3324.08902658934
3323.24025830961
3322.38524052631
3321.42206274367
3320.53554866811
3319.68786185473
3318.71034960557
3317.64622183347
3316.70276649835
3315.78256010702
3314.81200742333
3313.88248842407
3312.99003372693
3312.05175607519
3311.10665748666
3310.16822224879
3309.06347391566
3308.01941335279
3306.95703395716
3305.8197729364
3304.7955790061
3303.7781488416
3302.69226558101
3301.60419635809
3300.54365669635
3299.44648631595
3298.30000087611
3297.23199378216
3296.16571335685
3295.04939990232
3293.94555231186
3292.71895943851
3291.60252926685
3290.50838124832
3289.28028074982
3288.12062125573
3286.95714407516
3285.74563389391
3284.56366583992
3283.47384470756
3282.34547926844
3281.14924292892
3280.00628888763
3278.96125454633
3277.8921095372
3276.77249205863
3275.68746151914
3274.64583895018
3273.56258762826
3272.41561952091
3271.32164803045
3270.3264749935
3269.26074086135
3268.02054626645
3266.90355887385
3265.9237981919
3264.75621970946
3263.72830480362
3262.65680556824
3261.59664366705
3260.47886756181
3259.29475707154
3258.19971076418
3257.13135884887
3255.89315092822
3254.6855165389
3253.51202723068
3252.30506763965
3251.1531094395
3250.01503046411
3248.83612431445
3247.658963617
3246.54329795309
3245.48679065621
3244.45051261898
3243.44422221542
3242.5363101864
3241.68598698099
3240.92383890646
3240.15240812576
3239.44263298221
3238.75112665411
3238.1388224943
3237.61813216448
3237.0873823529
3236.52401140492
3236.15188151692
3235.92729038114
3235.63538264045
3235.3155219389
3234.96066110081
3234.55138884518
3234.16361888786
3233.77663428176
3233.29433069233
3232.78965658428
3232.35017876066
3231.93672180718
3231.49523391952
3231.04793875383
3230.57378278061
3230.25008922557
3229.86711891129
3229.51785284447
3229.14667333132
3228.71195769618
3228.25131286922
3227.7909397625
3227.3636878506
3226.84114295085
3226.29384628963
3225.80660173289
3225.23080804989
3224.61163442252
3223.94863145168
3223.32802675202
3222.75467820387
3222.28386116294
3221.90620217756
3221.61427389145
3221.31240265816
3221.10558384888
3220.90885976929
3220.75887345373
3220.53684967872
3220.40724160262
3220.36610881836
3220.3265977839
3220.33906863379
3220.34709137612
3220.35212702452
3220.45925096221
3220.7045437282
3220.89163468522
3220.94978529932
3220.89401353217
3220.92386698961
3221.02215533843
3221.07284175622
3221.1618863387
3221.25417758911
3221.35008639627
3221.46207389827
3221.56247034709
3221.58691748044
3221.63378729998
3221.76293851173
3221.84969174596
3221.88175772013
3221.87759247727
3221.82100673847
3221.79172261775
3221.86030923726
3221.89826632449
3221.93373646163
3221.97337916467
3222.10762860143
3222.29061206256
3222.39547123154
3222.51201292976
3222.63134121732
3222.81159232844
3222.85500009307
3222.96749679578
3223.14280621121
3223.24838391111
3223.33751707864
3223.45169808052
3223.6051719877
3223.77620319445
3223.92459858837
3224.03718647908
3224.11848032187
3224.24742720745
3224.36968963081
3224.50218729444
3224.56889848805
3224.64531584899
3224.72338467174
3224.87094796941
3225.03596299397
3225.14138728835
3225.25485465242
3225.37122261825
3225.47822929452
3225.55909764131
3225.62323333272
3225.68194506812
3225.72670793373
3225.76626326658
3225.86267493984
3226.04802016307
3226.32070869286
3226.66942960896
3227.00441772503
3227.10383306888
3227.13825763458
3227.24167037296
3227.34032820346
3227.44747675345
3227.60785366348
3227.78995795389
3227.92305909621
3228.04468233334
3228.1503165091
3228.26844706992
3228.30218647153
3228.402672364
3228.55248015912
3228.61993653428
3228.64753125164
3228.63757528628
3228.66907233824
3228.75262112795
3228.79843817954
3228.85152952436
3228.88095996879
3228.93120472722
3228.87259823639
3228.80931110333
3228.82006880753
3228.80471456202
3228.74036773364
3228.63187188936
3228.61359961461
3228.57306051838
3228.45691783156
3228.31814399466
3228.179424099
3228.12003028659
3228.09768920542
3228.07406760161
3227.9234204833
3227.71985756468
3227.55278153344
3227.54224625106
3227.48377698612
3227.50023161397
3227.48408500591
3227.56698432135
3227.63438641159
3227.65870352008
3227.61764233811
3227.53589951352
3227.56932402498
3227.61795092337
3227.6003739055
3227.48583438415
3227.34919853208
3227.28515851543
3227.27228331265
3227.21553511376
3227.09743876759
3226.917788799
3226.74264830573
3226.55000806766
3226.3460778521
3226.18290559778
3226.06532593861
3225.84927514617
3225.62297532808
3225.42211565177
3225.19984571303
3224.95467876018
3224.75184291693
3224.40637585393
3224.11438164463
3223.94217330787
3223.83375497193
3223.75492367962
3223.68486439734
3223.58814142843
3223.49879247106
3223.49050536642
3223.50930052634
3223.52339011771
3223.62736724709
3223.72451008414
3223.75592104213
3223.81469258072
3223.91974234882
3224.02786405176
3224.15978401016
3224.29723298885
3224.50942435132
3224.74863536853
3224.89178216006
3225.06961370023
3225.26013630681
3225.47503431588
3225.78301242794
3226.07641606953
3226.35627298151
3226.63288786264
3226.86784388418
3227.14625324645
3227.50176813441
3227.87700116314
3228.2271956606
3228.6114696822
3228.97954468411
3229.30606982929
3229.67921235686
3230.1294617656
3230.66437268827
3231.16171143723
3231.59429491282
3231.93585769953
3232.3020147151
3232.73455102038
3233.07164195909
3233.40438146946
3233.76095853476
3234.14503353415
3234.39854470136
3234.58551156864
3234.70213452003
3234.92553126359
3235.19248316625
3235.4375114825
3235.55859583237
3235.61480618605
3235.718849131
3235.74413715183
3235.70939122519
3235.6874425718
3235.67900136537
3235.72183349252
3235.78586683627
3235.80519654643
3235.81129205347
3235.84426113439
3235.83211938528
3235.86198819807
3235.81398156564
3235.71965712358
3235.69772277892
3235.69906507062
3235.6037338222
3235.54114178912
3235.51381747817
3235.40220091319
3235.2196115369
3235.01260450574
3234.85997792978
3234.75712902657
3234.64342171955
3234.46500394763
3234.28424358206
3233.99405311905
3233.75413783962
3233.49673757916
3233.23565896576
3232.93348084272
3232.61794729195
3232.26509697887
3231.95007695631
3231.65278149268
3231.44509413765
3231.26179050598
3231.05042200936
3230.83305273083
3230.58910182426
3230.28442066958
3229.96126127286
3229.69122023017
3229.40802271845
3229.0884270467
3228.82825737913
3228.51050240505
3228.20911312132
3227.93755438656
3227.608929926
3227.20714712393
3226.81986911077
3226.51335516008
3226.23607225096
3225.98859109936
3225.77173654188
3225.60891068719
3225.45215423014
3225.28310009862
3225.148572993
3225.058240423
3225.0082353957
3225.0217137701
3225.14850560218
3225.28309164907
3225.31437380255
3225.29200093216
3225.29529461618
3225.27434728205
3225.23859436003
3225.19708197222
3225.04875505857
3224.86586679262
3224.6536950425
3224.43746709488
3224.19410718349
3223.93440298235
3223.68391003313
3223.43871207903
3223.12557041867
3222.78757825366
3222.41022151612
3222.00364849784
3221.54662683107
3221.09327229848
3220.63171897873
3220.24512975944
3219.91378473448
3219.58504716342
3219.30483358875
3219.06315795712
3218.82808582851
3218.62562342428
3218.46568321607
3218.23931645096
3218.01431066574
3217.8924203472
3217.7581383864
3217.60614223747
3217.40388566563
3217.3239295615
3217.3295568454
3217.34507917334
3217.31223142331
3217.24586411181
3217.07509567639
3216.86437642144
3216.66584416588
3216.36433692618
3216.05624367577
3215.71202488004
3215.43377917388
3215.1474708691
3214.72869220274
3214.34074251387
3213.94545300624
3213.47895514781
3212.98821345015
3212.46993966651
3211.98666680134
3211.53880465547
3211.10281703814
3210.7698284902
3210.47117933963
3210.17445111581
3209.85105618831
3209.43022143527
3208.95907885605
3208.55219645595
3208.1814726359
3207.83973863212
3207.48808926568
3207.08149512796
3206.7590604642
3206.354218885
3205.95904567477
3205.54318756031
3205.14241231809
3204.74902540773
3204.34813011389
3204.00075053834
3203.63080490606
3203.28473492549
3202.94845082119
3202.63473306096
3202.32158470573
3201.95943260377
3201.5705788976
3201.20038103719
3200.83722967292
3200.48788845339
3200.15554038397
3199.82951189516
3199.52442747161
3199.21982769374
3198.90760003924
3198.61544406052
3198.35218935346
3198.09557636761
3197.88195614027
3197.67144391356
3197.41791542435
3197.14860462573
3196.8944384577
3196.64854628396
3196.41753964279
3196.21039593982
3195.96510070916
3195.73806612667
3195.50990962785
3195.38184675636
3195.33448883718
3195.2174476321
3195.1316540185
3195.1001474497
3195.01996527039
3194.82173643139
3194.57071670787
3194.32531784626
3194.06927904373
3193.7723032681
3193.54590826078
3193.32274530001
3193.13669506343
3192.96654005595
3192.81611269377
3192.7047270253
3192.56559297197
3192.43536817227
3192.36165546541
3192.26842339358
3192.15437160584
3192.1016271194
3192.10905371139
3192.1380766861
3192.17516078887
3192.20726955577
3192.25470999335
3192.33450748682
3192.4482098035
3192.56181410035
3192.67879110565
3192.797010086
3192.91283963688
3193.08844865337
3193.2964202406
3193.46626350462
3193.57256603819
3193.72167650599
3193.82617245044
3193.99458825057
3194.19085085834
3194.46711557684
3194.74549920024
3194.96739028859
3195.19292739587
3195.48032594235
3195.73180207155
3196.0267568782
3196.33810377169
3196.64281115143
3196.97224128797
3197.27317656142
3197.60048367326
3197.97953454953
3198.38808014508
3198.77770866981
3199.11935969607
3199.51531568524
3199.88885122824
3200.19755431448
3200.50210989893
3200.76509337024
3200.944644272
3201.13956397584
3201.37301519974
3201.63035273146
3201.84126782235
3202.03068637692
3202.30345525167
3202.63232379627
3202.93000675168
3203.14667096365
3203.38028304147
3203.58481220271
3203.72826690927
3203.83926661419
3203.94792893512
3204.05820233013
3204.12837023888
3204.22025607044
3204.28770940381
3204.2994747761
3204.28019426758
3204.26938254894
3204.26891252048
3204.25912690874
3204.29611403181
3204.40412187317
3204.48599332879
3204.59505025903
3204.73317735176
3204.86410408467
3205.03026057706
3205.22194047015
3205.35647996249
3205.43067191372
3205.43817875447
3205.47773090093
3205.52895821072
3205.62443119607
3205.80422268426
3206.04856775288
3206.20103376142
3206.34397300586
3206.52827963096
3206.74319593295
3206.88300084162
3206.99245253275
3207.20674185909
3207.50784327891
3207.87752168008
3208.20522046729
3208.48954759509
3208.76038323577
3208.91895729965
3209.08475633618
3209.30695089636
3209.51376988025
3209.67832557586
3209.82694548812
3209.97648314302
3210.07153447772
3210.16449599388
3210.35009385591
3210.57008273574
3210.72709791265
3210.87360864414
3210.96953585246
3211.03008664916
3211.09756681335
3211.18099902305
3211.21616656699
3211.241592533
3211.23002864369
3211.19533549248
3211.18662617903
3211.21005696129
3211.19692841425
3211.20644853126
3211.19909166785
3211.18208079723
3211.21981657509
3211.23732160987
3211.20274256686
3211.20428307758
3211.24675660526
3211.21108672071
3211.14585990354
3211.11244048429
3211.08738419864
3211.06575533459
3211.04995325019
3211.01568867689
3210.92866134471
3210.81826800721
3210.72215848769
3210.62568463949
3210.54094223852
3210.49783478231
3210.4864012587
3210.41404323218
3210.33200534019
3210.21999446103
3210.13365235754
3210.12949993356
3210.12838211011
3210.08045339348
3209.98872664599
3209.86218072413
3209.71791228823
3209.57143322914
3209.52594253547
3209.51413609573
3209.54100927994
3209.56036494185
3209.56945214379
3209.58757368184
3209.63569301705
3209.75481892377
3209.82153079545
3209.88621188737
3209.97121559381
3210.03700139758
3210.17632869816
3210.37925575434
3210.6889942683
3210.98429728848
3211.16495813722
3211.27769038776
3211.41011549573
3211.5715330487
3211.76936127517
3211.98740910118
3212.11122032083
3212.18297028848
3212.23480870035
3212.25411950073
3212.26628976165
3212.24808846893
3212.21963130879
3212.14149527073
3212.02192922976
3211.88527920482
3211.74024803154
3211.56416203827
3211.37427434848
3211.22060606847
3211.02372031894
3210.77561549848
3210.53560663362
3210.32593767248
3210.13975983885
3209.95729097283
3209.83394183824
3209.70908269959
3209.59063785631
3209.55017088657
3209.45203129507
3209.36077225436
3209.34435064212
3209.31572678213
3209.27358057867
3209.17786291671
3209.02905721775
3208.87267101217
3208.72705717769
3208.58356986132
3208.39758782838
3208.17729024107
3207.91276016383
3207.64480831812
3207.39250496259
3207.15988405587
3206.96691113723
3206.77720802944
3206.64605411045
3206.461986711
3206.38244902189
3206.30489312097
3206.16271159899
3205.98466199835
3205.74745025789
3205.506608718
3205.24401173064
3204.998017052
3204.87592175599
3204.71525903784
3204.52404538876
3204.37770064588
3204.24151762909
3204.07463301588
3203.83047029323
3203.53551633602
3203.28045147905
3203.11010016887
3202.95071440963
3202.85284311713
3202.8533473757
3202.89387195394
3202.93933367858
3202.97836603726
3203.07918641349
3203.15091428373
3203.22632601626
3203.26447099032
3203.31982410615
3203.38918409525
3203.4424809493
3203.72574690049
3203.94419402332
3204.04815337955
3204.04440986437
3204.0005754009
3203.97960477697
3203.9041730744
3203.86794768178
3203.78088584574
3203.58152411731
3203.43111128274
3203.30881912756
3203.18867816958
3203.08132742058
3202.95489354847
3202.77190460039
3202.60009706586
3202.49944282194
3202.33935428564
3202.17334960586
3202.06758364542
3201.96292302172
3201.85928221922
3201.7851529314
3201.71590847682
3201.66769844434
3201.59670712596
3201.55817051619
3201.48042835267
3201.42045426778
3201.35059540131
3201.28079579459
3201.17590757975
3201.02617038968
3200.81336686019
3200.59741320081
3200.39902120554
3200.1420441655
3199.8800868642
3199.64620299414
3199.47517768115
3199.34238466011
3199.24505831839
3199.14816476167
3199.08121702144
3199.03241994361
3198.9799160985
3198.87623165256
3198.71376177538
3198.50439191024
3198.26391242346
3198.02612732864
3197.83353476457
3197.71868755648
3197.61890151235
3197.51854771893
3197.3926001368
3197.31493541018
3197.30451660281
3197.23825460563
3197.13341896666
3196.95324489873
3196.71529823158
3196.51080732324
3196.31223482303
3196.07221903785
3195.82775131847
3195.59668700344
3195.44620358645
3195.36368234307
3195.238255837
3195.08990660453
3194.92056177429
3194.73701979456
3194.57044464483
3194.40247659593
3194.21876094413
3194.02377511584
3193.82354165253
3193.60100518449
3193.46446334125
3193.42149371418
3193.35630962169
3193.24673335574
3193.18484419238
3193.17898835457
3193.15628725835
3193.09272376473
3193.00945463143
3192.89217043592
3192.74845028809
3192.62003298054
3192.53467121584
3192.50395616057
3192.42445297125
3192.25245123861
3192.07491277158
3191.87819480937
3191.72673984954
3191.62004459789
3191.5548918956
3191.52552701606
3191.38373555525
3191.25678488466
3191.22424048098
3191.19252913913
3191.08948019728
3190.91748572
3190.73803872043
3190.54789806852
3190.39039748781
3190.22245528036
3190.01022099551
3189.85444652205
3189.72100275636
3189.52759551101
3189.35296060993
3189.2020606603
3189.04693810734
3188.89138866783
3188.72839759153
3188.55298939859
3188.38897160601
3188.24690760217
3188.0921088824
3187.93074530662
3187.73610181435
3187.56383716624
3187.43249838825
3187.2790862398
3187.13329821588
3187.00355878665
3186.85562850739
3186.67848382953
3186.55037069137
3186.48111990766
3186.34876772417
3186.22312810445
3186.15294334985
3186.05399854943
3185.88529989646
3185.74203657014
3185.5921967385
3185.51932060781
3185.48891586893
3185.46762450804
3185.42188942687
3185.31649126748
3185.2659866876
3185.27716887927
3185.26570425886
3185.18811045515
3185.0891145108
3184.99079208392
3184.90895944718
3184.86469498411
3184.82266190417
3184.75989713656
3184.65822955018
3184.54866869248
3184.47534146394
3184.45334626627
3184.44845545202
3184.35293811521
3184.28517267225
3184.25307214023
3184.23730369334
3184.15644074246
3184.12409160865
3184.04082954961
3183.97898912699
3183.93681415652
3183.87034315457
3183.83690997328
3183.78888552766
3183.7008746176
3183.65782863194
3183.64228237739
3183.57951201587
3183.51616946275
3183.52166832494
3183.45670377677
3183.36146282258
3183.30024294039
3183.27433859677
3183.30993462702
3183.29739781156
3183.26318026192
3183.23095185519
3183.20725964494
3183.19298812202
3183.16945256371
3183.17234158402
3183.15584823506
3183.12242557085
3183.10652670144
3183.10986343804
3183.1156528421
3183.08967464705
3183.07997435772
3183.11465536341
3183.14661695635
3183.12765901981
3183.13525907052
3183.20949541403
3183.30696374128
3183.4476516789
3183.61959742506
3183.77127410983
3183.91307589772
3184.10134270031
3184.34476128177
3184.62021389753
3184.92299513412
3185.29897596412
3185.7065882857
3186.11906589593
3186.54196804484
3186.9714022815
3187.45604632944
3187.9752270876
3188.53868020677
3189.09249608491
3189.65448769154
3190.23206645192
3190.77083500132
3191.38132259398
3192.09746630973
3192.82966897556
3193.61452736738
3194.40068373265
3195.15018612806
3195.82517660378
3196.60277141363
3197.46362784704
3198.43077646677
3199.61577844623
3200.55077938733
3201.42360704659
3202.33952488373
3203.10244835523
3203.86688392083
3204.51608736723
3205.14295669752
3205.89020690216
3206.51704755062
3207.17551892058
3207.91786948286
3208.60972625009
3209.22114869533
3209.85858570896
3210.47419505435
3211.04712215454
3211.65530852159
3212.20185175142
3212.85560997624
3213.5980511043
3214.39354459177
3215.28214555182
3216.14019325402
3217.12646605884
3218.21945850866
3219.43266249243
3220.80874989029
3222.23672443531
3223.72898492948
3225.22971116185
3226.75461789067
3228.19618410181
3229.64225948826
3231.01970591689
3232.43394059747
3233.83445338744
3235.27133613828
3236.62698912788
3238.06464908484
3239.63018893327
3241.05112559854
3242.39640130509
3243.8053728724
3245.26337528928
3246.70622115041
3248.06057546346
3249.29206998244
3250.77002819443
3252.14271538778
3253.41699885309
3254.66255859914
3255.90832573598
3257.03514099099
3258.13921179758
3259.12603429718
3260.17779592428
3261.1723899568
3262.08080111649
3263.03471242497
3263.95500213918
3264.82602079845
3265.55817890071
3266.32416868143
3266.94213870865
3267.64656009974
3268.3596144523
3269.24257415679
3270.05960752638
3270.95452627206
3271.81118336981
3272.62114247017
3273.29708659506
3274.0216214817
3274.59874600137
3275.19453269431
3275.90272661804
3276.7297464952
3277.49326430441
3278.17007220006
3278.82940735139
3279.50836177177
3280.14763619533
3280.79314905243
3281.51241628889
3282.22322446384
3282.89622899663
3283.61931003835
3284.44378077026
3285.16004952084
3285.89547766859
3286.38833878803
3286.89849570312
3287.57961540175
3288.2567443118
3288.90733265049
3289.52474595874
3290.21937277433
3290.76217239784
3291.33279722793
3291.91719553721
3292.52450489677
3293.1122654836
3293.68940820699
3294.30551651522
3294.87908040912
3295.44439125021
3295.95036088989
3296.45195775064
3297.1178235576
3297.69806776426
3298.23298909505
3298.60454170231
3298.99732254279
3299.28090134875
3299.77742127468
3300.16391963913
3300.61437736829
3301.25283147114
3301.68950373254
3302.14611042977
3302.50562997133
3302.66476334013
3302.86860947308
3303.19276692668
3303.52146203228
3303.77393918372
3304.12971136435
3304.37221644818
3304.61830955632
3304.86391100241
3305.14725013685
3305.47911504464
3305.84683648012
3306.24486755682
3306.52746933359
3306.77076664196
3306.94494138022
3307.2767597564
3307.40858050713
3307.63893215432
3307.82147527047
3307.91438265564
3308.00465555551
3308.15504505073
3308.38417804634
3308.72547214521
